DEPTH	SDTC	1-AMP	SDTS	CAI	SDTST
200	0.004257	-0.509505	0.001062	-0.684274	0.036126
200.125	0.001275	-0.469717	-0.002579	-0.630948	0.018033
200.25	0.001656	-0.40577	-0.003448	-0.545122	0.000297
200.375	0.004047	-0.356501	0.001087	-0.478416	-0.006345
200.5	0.007253	-0.374999	0.009374	-0.500453	0.003707
200.625	0.011358	-0.362293	0.019557	-0.483323	0.031009
200.75	0.017678	-0.409585	0.028699	-0.546378	0.067828
200.875	0.026237	-0.449511	0.033453	-0.601284	0.096984
201	0.034962	-0.327426	0.031794	-0.441112	0.107228
201.125	0.041399	-0.327516	0.024533	-0.43945	0.098011
201.25	0.043414	-0.209518	0.01411	-0.284173	0.07294
201.375	0.040846	-0.196124	0.004965	-0.266567	0.043177
201.5	0.035586	-0.19729	0.000717	-0.265801	0.019794
201.625	0.029136	-0.232279	0.006919	-0.311157	0.005083
201.75	0.022351	-0.280892	0.017052	-0.376443	0.001139
201.875	0.015741	-0.259618	0.030985	-0.351841	0.002631
202	0.009584	-0.266855	0.046898	-0.36197	0.001459
202.125	0.004679	-0.243774	0.063333	-0.333496	-0.000228
202.25	0.001521	-0.251764	0.079053	-0.341342	0.001019
202.375	0.00569	-0.269134	0.091935	-0.360575	0.010661
202.5	0.013675	-0.273248	0.096759	-0.364691	0.028513
202.625	0.017851	-0.260134	0.08971	-0.347371	0.04692
202.75	0.016564	-0.227228	0.072558	-0.302992	0.05836
202.875	0.010108	-0.241463	0.049281	-0.322401	0.058659
203	0.000691	-0.139252	0.025601	-0.191446	0.045966
203.125	-0.006863	-0.11952	0.007839	-0.161254	0.026574
203.25	-0.007851	-0.125236	0.000452	-0.168032	0.010084
203.375	-0.001816	-0.08586	0.001204	-0.117782	0.001542
203.5	0.006234	-0.121067	0.007687	-0.163508	0.001885
203.625	0.013742	-0.17462	0.018961	-0.236285	0.007609
203.75	0.02059	-0.169427	0.030627	-0.229062	0.011556
203.875	0.026121	-0.192829	0.038994	-0.257951	0.010512
204	0.030316	-0.196596	0.041805	-0.26231	0.005655
204.125	0.032141	-0.196806	0.037785	-0.265656	0.000785
204.25	0.029737	-0.208104	0.029296	-0.279044	0.00461
204.375	0.022766	-0.211755	0.020029	-0.286842	0.01035
204.5	0.013794	-0.241444	0.011626	-0.325993	0.012558
204.625	0.00556	-0.250524	0.004838	-0.337984	0.008952
204.75	0.001075	-0.255331	0.001002	-0.345357	0.002109
204.875	0.000611	-0.215664	0.000121	-0.289553	-0.000139
205	0.004102	-0.177277	0.001637	-0.236773	-0.000041
205.125	0.009486	-0.157635	0.002008	-0.212957	0.008665
205.25	0.015323	-0.151983	0.00056	-0.205136	0.021122
205.375	0.018868	-0.180563	-0.000809	-0.247253	0.029604
205.5	0.018178	-0.151672	0.000004	-0.209262	0.030126
205.625	0.014356	-0.126893	0.000645	-0.176782	0.024454
205.75	0.00925	-0.123942	0.002838	-0.173299	0.015211
205.875	0.00504	-0.088134	0.004233	-0.120963	0.005952
206	0.002279	-0.075687	0.003467	-0.105558	0.000122
206.125	0.000599	-0.070571	0.001367	-0.096983	0.003427
206.25	-0.000108	-0.060887	-0.001156	-0.085366	0.011256
206.375	0.000508	-0.075431	-0.003281	-0.106179	0.023184
206.5	0.000178	-0.106281	-0.003536	-0.148544	0.037907
206.625	-0.000997	-0.111106	-0.00113	-0.152685	0.052989
206.75	-0.002078	-0.114118	0.003164	-0.158805	0.065959
206.875	-0.00184	-0.137794	0.007515	-0.189401	0.075078
207	0.000904	-0.124371	0.008728	-0.170751	0.080141
207.125	0.004505	-0.106052	0.00587	-0.148961	0.085855
207.25	0.006147	-0.11634	0.001926	-0.163324	0.096776
207.375	0.005206	-0.081174	0.000283	-0.11134	0.110639
207.5	0.002568	-0.07489	0.002159	-0.105911	0.12002
207.625	0.000221	-0.073159	0.004954	-0.100207	0.111138
207.75	0.006605	-0.07477	0.006248	-0.100608	0.081427
207.875	0.013442	-0.124819	0.005382	-0.187725	0.043367
208	0.019599	-0.05095	0.002977	-0.07058	0.011589
208.125	0.025013	-0.052363	0.000417	-0.07271	0.000537
208.25	0.030077	-0.075659	0.00218	-0.105247	0.009437
208.375	0.034561	-0.03952	0.006639	-0.055338	0.026953
208.5	0.03778	-0.013732	0.012105	-0.021096	0.04198
208.625	0.038782	0.022104	0.016641	0.028127	0.049077
208.75	0.036088	0.007404	0.016848	0.007783	0.047353
208.875	0.02961	-0.032114	0.011971	-0.050793	0.041409
209	0.020428	-0.041116	0.004988	-0.062615	0.03471
209.125	0.010064	-0.08161	-0.000331	-0.111139	0.028215
209.25	0.000416	-0.084428	-0.000408	-0.115155	0.020792
209.375	-0.006152	-0.066927	0.003054	-0.090113	0.010996
209.5	-0.007276	-0.103325	0.007428	-0.140751	0.002596
209.625	-0.002602	-0.133361	0.009962	-0.179972	0.006118
209.75	0.002748	-0.127653	0.008872	-0.170623	0.030484
209.875	0.010574	-0.200501	0.003985	-0.269384	0.067632
210	0.025029	-0.209267	-0.000381	-0.279612	0.103391
210.125	0.043686	-0.231354	-0.004676	-0.309045	0.123795
210.25	0.063329	-0.19436	-0.000528	-0.25976	0.125599
210.375	0.080529	-0.141671	0.009382	-0.188942	0.11105
210.5	0.091789	-0.145496	0.016694	-0.194084	0.089737
210.625	0.096011	-0.144661	0.016144	-0.193954	0.070499
210.75	0.094844	-0.133765	0.010238	-0.179941	0.055711
210.875	0.089738	-0.130368	0.002492	-0.174287	0.045236
211	0.08175	-0.164868	0.003359	-0.220622	0.03768
211.125	0.071914	-0.137424	0.007878	-0.183669	0.029973
211.25	0.060891	-0.171411	0.011207	-0.23069	0.020055
211.375	0.049697	-0.134901	0.01323	-0.180156	0.008618
211.5	0.039135	-0.173946	0.013656	-0.234706	-0.001629
211.625	0.029248	-0.095461	0.011538	-0.133224	-0.005187
211.75	0.019712	-0.166877	0.00721	-0.22885	0.001039
211.875	0.011212	-0.197646	0.00266	-0.26392	0.011722
212	0.004975	-0.215331	0.000284	-0.292393	0.028956
212.125	0.002888	-0.156413	-0.000409	-0.21305	0.04863
212.25	0.008834	-0.081414	0.003009	-0.11845	0.066117
212.375	0.018145	-0.07042	0.010189	-0.102407	0.079248
212.5	0.028443	-0.096701	0.017937	-0.141814	0.088136
212.625	0.038803	-0.102646	0.024416	-0.151763	0.092328
212.75	0.048436	-0.13701	0.029778	-0.194733	0.090458
212.875	0.057638	-0.201727	0.036212	-0.274386	0.083087
213	0.067427	-0.293627	0.043645	-0.395797	0.07247
213.125	0.078054	-0.278857	0.050073	-0.380873	0.060607
213.25	0.087674	-0.302878	0.051724	-0.407932	0.047978
213.375	0.091843	-0.283042	0.044662	-0.38704	0.033525
213.5	0.086689	-0.283171	0.026477	-0.38936	0.018163
213.625	0.073564	-0.335882	0.007013	-0.456468	0.005704
213.75	0.054056	-0.313967	-0.01798	-0.424351	0.000441
213.875	0.03145	-0.271595	-0.002161	-0.368107	-0.001314
214	0.012346	-0.267001	0.079579	-0.362481	0.00175
214.125	0.002047	-0.30841	0.182245	-0.420377	0.007858
214.25	0.000882	-0.244069	0.257997	-0.332796	0.013883
214.375	0.007806	-0.243002	0.272828	-0.334612	0.017926
214.5	0.013996	-0.285152	0.235241	-0.386834	0.018387
214.625	0.014475	-0.303051	0.179261	-0.416253	0.014721
214.75	0.012044	-0.319578	0.121676	-0.428202	0.008601
214.875	0.009479	-0.204794	0.064259	-0.293149	0.001968
215	0.007476	-0.236182	0.007243	-0.331071	0.001045
215.125	0.004265	-0.21642	-0.005316	-0.298206	0.002416
215.25	-0.00013	-0.038806	0.000512	-0.077953	0.002189
215.375	-0.003205	0.063461	0.014276	0.041828	0.000685
215.5	0.000821	0.123087	0.026013	0.118566	-0.00377
215.625	0.02095	0.104961	0.026036	0.09782	0.001713
215.75	0.061262	0.064198	0.015675	0.054181	0.034641
215.875	0.118592	0.113182	0.010839	0.129362	0.097942
216	0.190515	0.177132	0.03803	0.208942	0.187348
216.125	0.278587	0.17019	0.073562	0.196502	0.28877
216.25	0.380389	0.274611	0.124787	0.321027	0.377289
216.375	0.484046	0.29595	0.182985	0.357031	0.433592
216.5	0.573357	0.339011	0.235477	0.399538	0.45617
216.625	0.630711	0.340925	0.276722	0.406924	0.447
216.75	0.641644	0.34973	0.288886	0.416211	0.415434
216.875	0.613413	0.349124	0.284936	0.417791	0.372791
217	0.565415	0.334383	0.265317	0.384162	0.320678
217.125	0.514652	0.353399	0.249373	0.402724	0.256567
217.25	0.472083	0.379058	0.231162	0.422319	0.17775
217.375	0.434064	0.344489	0.217117	0.385333	0.096812
217.5	0.39066	0.279333	0.208307	0.306631	0.037419
217.625	0.339983	0.250823	0.200431	0.271386	0.006734
217.75	0.285052	0.218176	0.184655	0.219687	0.027008
217.875	0.232159	0.192785	0.1479	0.19867	0.069213
218	0.183964	0.211795	0.096779	0.205034	0.083489
218.125	0.140068	0.252148	0.051097	0.263676	0.065359
218.25	0.099726	0.250891	0.020897	0.275038	0.027761
218.375	0.063077	0.280031	0.002961	0.317285	-0.008261
218.5	0.031792	0.265493	-0.000905	0.305229	-0.018806
218.625	0.009758	0.295909	0.004709	0.338509	-0.000601
218.75	-0.001149	0.310518	0.004613	0.370622	0.004231
218.875	0.000437	0.273271	0.005722	0.328145	0.035501
219	0.006043	0.205852	0.006244	0.236462	0.086363
219.125	0.019056	0.115582	0.005658	0.119176	0.143991
219.25	0.04217	0.05416	0.002738	0.037684	0.195274
219.375	0.072543	-0.121018	-0.001477	-0.191552	0.229592
219.5	0.106459	-0.173943	-0.004429	-0.255766	0.236188
219.625	0.137215	-0.06023	0.007544	-0.121032	0.212075
219.75	0.162792	0.032373	0.029052	-0.016034	0.16967
219.875	0.188071	0.04075	0.042065	-0.006332	0.123675
220	0.215951	0.128046	0.041985	0.137907	0.081526
220.125	0.241603	0.202477	0.028787	0.230766	0.045527
220.25	0.259054	0.292936	0.01012	0.36018	0.015988
220.375	0.274071	0.38469	0.001203	0.447771	0.00661
220.5	0.296826	0.355373	0.008029	0.426075	0.038772
220.625	0.332595	0.348136	0.035273	0.416695	0.069507
220.75	0.369949	0.337823	0.084767	0.402922	0.071019
220.875	0.386562	0.256594	0.151551	0.284795	0.037951
221	0.375593	0.275428	0.220274	0.326061	0.006876
221.125	0.340968	0.325258	0.277691	0.414217	-0.002784
221.25	0.290359	0.350087	0.312477	0.430094	0.04852
221.375	0.235139	0.341196	0.328048	0.396149	0.158404
221.5	0.17911	0.353708	0.333657	0.438474	0.251505
221.625	0.121763	0.342276	0.334821	0.420652	0.28373
221.75	0.06458	0.308713	0.333867	0.355052	0.239674
221.875	0.021368	0.283948	0.336925	0.323599	0.14209
222	0.009309	0.328251	0.350641	0.35641	0.047772
222.125	0.030315	0.344421	0.372027	0.399359	-0.003533
222.25	0.077434	0.338316	0.392504	0.363986	0.002728
222.375	0.116111	0.341812	0.401955	0.357042	0.046904
222.5	0.135141	0.305296	0.401043	0.314229	0.086317
222.625	0.135357	0.276489	0.402142	0.303248	0.085096
222.75	0.122264	0.229722	0.409912	0.218123	0.052061
222.875	0.09745	0.203179	0.420577	0.156862	0.010884
223	0.064303	0.159283	0.415701	0.058788	0.029126
223.125	0.03384	0.150867	0.376451	0.09329	0.096368
223.25	0.011963	0.11787	0.302672	0.073915	0.17043
223.375	-0.001786	0.095058	0.210562	0.069302	0.217317
223.5	-0.009634	0.050063	0.123737	-0.003025	0.209183
223.625	-0.01193	0.016305	0.063793	-0.044685	0.152471
223.75	-0.005612	0.013439	0.030313	-0.038853	0.090993
223.875	0.005927	0.047656	0.011712	-0.010274	0.055929
224	0.018074	0.104158	0.002044	0.041566	0.054881
224.125	0.034152	0.186822	0.00353	0.131479	0.066408
224.25	0.054287	0.233274	0.012864	0.202272	0.05502
224.375	0.081189	0.267631	0.022313	0.248901	0.022987
224.5	0.110184	0.33015	0.026995	0.404908	0.002129
224.625	0.130285	0.298827	0.024878	0.368874	0.021088
224.75	0.128083	0.273126	0.017626	0.342645	0.107759
224.875	0.104805	0.332132	0.008284	0.414548	0.247579
225	0.071801	0.357017	0.001587	0.453601	0.407713
225.125	0.038659	0.350164	0.010118	0.432406	0.566111
225.25	0.01381	0.367947	0.04194	0.458302	0.689985
225.375	0.000829	0.332641	0.083353	0.401824	0.731858
225.5	0.002046	0.34591	0.113628	0.420631	0.652026
225.625	0.014318	0.305575	0.12107	0.37856	0.472675
225.75	0.032971	0.295349	0.101841	0.350652	0.241975
225.875	0.049159	0.257344	0.06586	0.310103	0.062623
226	0.056065	0.270778	0.030967	0.345216	0.001601
226.125	0.053062	0.229764	0.006912	0.27441	0.031051
226.25	0.04335	0.282993	-0.000498	0.354213	0.100458
226.375	0.032088	0.270961	0.000549	0.340747	0.144107
226.5	0.02299	0.264416	0.012642	0.346153	0.132827
226.625	0.015689	0.198964	0.029324	0.263844	0.087067
226.75	0.008885	0.154241	0.038963	0.190574	0.038478
226.875	0.002683	0.202064	0.036208	0.257616	0.006299
227	-0.00029	0.121656	0.022193	0.145841	0.009163
227.125	0.002423	0.15728	0.007258	0.197354	0.043923
227.25	0.00567	0.1862	0.00149	0.245717	0.101817
227.375	0.013299	0.170177	0.010131	0.226564	0.172268
227.5	0.021839	0.169342	0.022752	0.22375	0.243306
227.625	0.026864	0.215038	0.027371	0.273465	0.305299
227.75	0.026345	0.286087	0.019552	0.370965	0.354666
227.875	0.021533	0.204558	0.007411	0.230305	0.390406
228	0.013854	0.181639	0.000715	0.227311	0.407642
228.125	0.00579	0.148176	0.010739	0.120032	0.394651
228.25	0.00088	0.190631	0.033709	0.202977	0.34916
228.375	0.010385	0.285541	0.062914	0.337719	0.27736
228.5	0.023393	0.307279	0.095468	0.367105	0.191839
228.625	0.040388	0.31738	0.133333	0.356363	0.106645
228.75	0.063166	0.335019	0.179939	0.393497	0.040854
228.875	0.092171	0.245722	0.231112	0.226283	0.007145
229	0.122774	0.329632	0.276163	0.365225	0.00108
229.125	0.148028	0.352972	0.303969	0.407421	0.017919
229.25	0.156403	0.408978	0.299414	0.493228	0.073153
229.375	0.142847	0.450966	0.260916	0.555914	0.160606
229.5	0.110646	0.394948	0.19881	0.440314	0.252233
229.625	0.06946	0.376998	0.129762	0.464177	0.312478
229.75	0.029101	0.342483	0.068184	0.382798	0.307438
229.875	0.001316	0.325601	0.026627	0.373316	0.226945
230	-0.00782	0.26969	0.006166	0.303454	0.117005
230.125	0.000248	0.334411	0.000143	0.391094	0.030477
230.25	0.017201	0.367576	0.003195	0.447894	-0.002551
230.375	0.035094	0.319041	0.009366	0.393424	0.039445
230.5	0.047843	0.25414	0.014055	0.293934	0.142096
230.625	0.05261	0.224161	0.018357	0.241528	0.270774
230.75	0.054672	0.145265	0.023608	0.162471	0.387846
230.875	0.060061	0.12977	0.030499	0.143454	0.45887
231	0.072179	0.111414	0.039825	0.127185	0.444204
231.125	0.0854	0.042285	0.051824	0.039144	0.349462
231.25	0.093417	0.059414	0.064805	0.065395	0.218797
231.375	0.09362	0.075773	0.075164	0.081936	0.097525
231.5	0.085071	0.076004	0.076805	0.077771	0.024385
231.625	0.070043	0.033357	0.066504	0.024116	0.000021
231.75	0.051833	0.006898	0.047623	-0.01507	0.006243
231.875	0.033867	-0.009463	0.027252	-0.034622	0.01043
232	0.018856	-0.023021	0.010417	-0.054186	0.006583
232.125	0.009137	-0.047718	0.000891	-0.081881	0.000583
232.25	0.003941	-0.108865	-0.002844	-0.165126	-0.00492
232.375	0.001569	-0.124716	-0.003353	-0.19142	-0.001269
232.5	0.003127	-0.174928	-0.002364	-0.256355	0.01066
232.625	0.009057	-0.203999	-0.000451	-0.293889	0.027721
232.75	0.015932	-0.261378	0.000795	-0.365816	0.043451
232.875	0.022116	-0.242636	0.00396	-0.335201	0.051844
233	0.026021	-0.386324	0.008249	-0.51967	0.052351
233.125	0.026253	-0.468824	0.011489	-0.626697	0.04595
233.25	0.020714	-0.471205	0.010888	-0.630291	0.034006
233.375	0.011149	-0.391144	0.007305	-0.521798	0.019326
233.5	0.002258	-0.352583	0.003318	-0.471383	0.006031
233.625	-0.001803	-0.262105	0.000529	-0.360183	-0.000433
233.75	0.002477	-0.280193	-0.000069	-0.387237	0.005776
233.875	0.012148	-0.387719	-0.001693	-0.523234	0.026331
234	0.028314	-0.457097	0.001661	-0.60965	0.056102
234.125	0.047946	-0.521648	0.011214	-0.696124	0.088284
234.25	0.065998	-0.50667	0.024399	-0.676727	0.118356
234.375	0.074121	-0.458144	0.034978	-0.611689	0.141285
234.5	0.067195	-0.39362	0.036126	-0.53005	0.150315
234.625	0.047757	-0.16162	0.026979	-0.246384	0.136976
234.75	0.024377	-0.10205	0.013246	-0.169155	0.101776
234.875	0.006345	-0.029063	0.002149	-0.076906	0.050906
235	0.004597	0.009514	0.007	-0.02601	0.008646
235.125	0.025487	0.024992	0.023772	0.003191	0.004157
235.25	0.058333	0.068949	0.044401	0.064002	0.049653
235.375	0.094623	0.021017	0.06231	-0.00106	0.12128
235.5	0.123531	-0.018835	0.069852	-0.046795	0.191844
235.625	0.134179	0.000501	0.063251	-0.0173	0.231334
235.75	0.121115	-0.002229	0.045344	-0.019351	0.228582
235.875	0.091002	-0.066341	0.024645	-0.096683	0.195281
236	0.052176	-0.092875	0.008609	-0.134149	0.142433
236.125	0.019404	-0.120475	0.002751	-0.169633	0.085423
236.25	0.002219	-0.074402	0.00268	-0.12147	0.038166
236.375	-0.000415	-0.042426	0.002321	-0.087438	0.00825
236.5	0.004869	-0.01849	0.000677	-0.068559	-0.000698
236.625	0.01181	0.018951	0.000989	-0.030944	0.005683
236.75	0.016876	0.053782	0.010045	0.023018	0.037201
236.875	0.02055	0.083683	0.027893	0.040849	0.097971
237	0.026211	0.144199	0.048532	0.158291	0.172275
237.125	0.036626	0.1532	0.06864	0.154724	0.244729
237.25	0.052765	0.147435	0.08895	0.139169	0.293403
237.375	0.069965	0.137341	0.112861	0.129209	0.309798
237.5	0.083159	0.165818	0.138589	0.180609	0.298828
237.625	0.090538	0.137967	0.162076	0.14196	0.271407
237.75	0.092301	0.129806	0.179363	0.127514	0.236336
237.875	0.091305	0.063443	0.189798	0.034954	0.19954
238	0.089192	0.098231	0.194483	0.070776	0.161081
238.125	0.084912	0.091695	0.192691	0.066612	0.120149
238.25	0.076533	0.07144	0.182631	0.029325	0.077914
238.375	0.061615	0.046204	0.160957	-0.007719	0.039605
238.5	0.041923	0.05388	0.127936	-0.01612	0.012017
238.625	0.022354	0.025671	0.086718	-0.034258	0.002663
238.75	0.00749	0.027294	0.044359	-0.00557	0.018979
238.875	0.001255	0.012553	0.011162	-0.012145	0.046935
239	0.004601	-0.002264	0.000318	-0.018913	0.080456
239.125	0.014313	-0.029602	0.013619	-0.053531	0.108366
239.25	0.024338	-0.019547	0.037826	-0.042345	0.121908
239.375	0.031896	-0.057813	0.060437	-0.098136	0.116181
239.5	0.035107	-0.098589	0.069545	-0.147949	0.088394
239.625	0.033382	-0.055353	0.063127	-0.091884	0.048714
239.75	0.026859	0.000248	0.04745	-0.015311	0.015374
239.875	0.017451	-0.021254	0.030153	-0.041453	0.000839
240	0.00753	-0.018625	0.016058	-0.031496	0.013433
240.125	0.000812	-0.064061	0.007027	-0.097672	0.045862
240.25	-0.000293	-0.106104	0.001615	-0.158014	0.071922
240.375	0.003899	-0.14546	-0.000309	-0.213436	0.075548
240.5	0.011423	-0.119569	-0.000316	-0.177026	0.056186
240.625	0.019934	-0.088854	0.002405	-0.126789	0.025315
240.75	0.027448	-0.14432	0.006943	-0.197623	0.003883
240.875	0.034043	-0.130368	0.007101	-0.178061	0.001224
241	0.040327	-0.150747	0.002793	-0.202252	0.009564
241.125	0.046373	-0.132668	0.002354	-0.18021	0.018767
241.25	0.051401	-0.151994	0.010385	-0.209649	0.020087
241.375	0.054474	-0.167934	0.019884	-0.22934	0.015489
241.5	0.054309	-0.150916	0.023369	-0.20544	0.010881
241.625	0.050331	-0.17622	0.017813	-0.242579	0.009471
241.75	0.04289	-0.154406	0.006222	-0.220094	0.011453
241.875	0.035175	-0.1935	0.000106	-0.272389	0.013599
242	0.029947	-0.223508	0.003656	-0.300917	0.012835
242.125	0.026141	-0.312791	0.016488	-0.419917	0.009196
242.25	0.021877	-0.29444	0.031841	-0.393549	0.003838
242.375	0.015622	-0.308382	0.043004	-0.411405	-0.000744
242.5	0.008968	-0.39347	0.051619	-0.525981	-0.002021
242.625	0.003633	-0.389781	0.060274	-0.51983	0.000878
242.75	0.000143	-0.422416	0.06782	-0.564095	0.006619
242.875	-0.000556	-0.373436	0.06982	-0.499372	0.018552
243	0.003506	-0.438864	0.062586	-0.585172	0.036281
243.125	0.007112	-0.36469	0.04918	-0.488137	0.05709
243.25	0.014151	-0.298906	0.034787	-0.402128	0.078349
243.375	0.022775	-0.315378	0.022433	-0.423033	0.098965
243.5	0.030187	-0.269094	0.013628	-0.360673	0.118746
243.625	0.03374	-0.229492	0.007937	-0.306765	0.136473
243.75	0.031612	-0.177502	0.003934	-0.236996	0.146784
243.875	0.024539	-0.161472	0.000938	-0.215378	0.144721
244	0.014233	-0.189664	-0.000025	-0.253103	0.124977
244.125	0.005319	-0.179667	0.004356	-0.240092	0.08683
244.25	0.002468	-0.192415	0.015475	-0.257025	0.043269
244.375	0.008123	-0.194015	0.029902	-0.259569	0.01036
244.5	0.017282	-0.200758	0.042488	-0.274452	-0.000458
244.625	0.026575	-0.170376	0.046538	-0.231406	0.010161
244.75	0.03227	-0.131848	0.041102	-0.183322	0.038331
244.875	0.031936	-0.092341	0.031575	-0.128611	0.070686
245	0.026406	-0.15994	0.022261	-0.237514	0.094307
245.125	0.017136	-0.506688	0.014047	-0.799523	0.10326
245.25	0.007669	-0.270227	0.006506	-0.42142	0.098244
245.375	0.001942	0.035114	0.00137	0.02034	0.086918
245.5	0.003464	-0.064156	-0.000222	-0.125509	0.073678
245.625	0.015428	0.003671	0.000413	-0.026305	0.059459
245.75	0.032466	-0.054957	0.003907	-0.150453	0.043341
245.875	0.05269	0.095847	0.009013	0.063406	0.025644
246	0.072926	0.168066	0.016238	0.170308	0.009307
246.125	0.090946	0.142862	0.02462	0.138979	0.008435
246.25	0.105279	0.14155	0.032512	0.13078	0.033466
246.375	0.113771	0.125088	0.038167	0.124655	0.056955
246.5	0.114813	0.083124	0.043574	0.072008	0.07422
246.625	0.107967	0.099987	0.051465	0.087214	0.084793
246.75	0.095257	0.020159	0.061061	-0.027487	0.090816
246.875	0.079248	-0.004201	0.067841	-0.042981	0.093803
247	0.062985	-0.07251	0.063985	-0.129905	0.093037
247.125	0.047999	-0.142055	0.047975	-0.211215	0.085025
247.25	0.034965	-0.316317	0.027131	-0.427604	0.068227
247.375	0.024349	-0.352786	0.00903	-0.477514	0.042984
247.5	0.015804	-0.435255	0.00069	-0.585059	0.014347
247.625	0.007442	-0.491983	0.003993	-0.658901	-0.005939
247.75	-0.0002	-0.427546	0.008077	-0.574932	-0.007326
247.875	-0.003809	-0.27876	0.00839	-0.379084	-0.001968
248	0.001825	-0.047971	0.004139	-0.076726	0.005444
248.125	0.014626	0.098512	0.00019	0.105194	0.038332
248.25	0.036676	0.156759	0.002413	0.180543	0.095104
248.375	0.06465	0.174476	0.017374	0.196692	0.167571
248.5	0.094331	0.174741	0.043331	0.199732	0.244533
248.625	0.121238	0.203711	0.071286	0.236289	0.308001
248.75	0.14149	0.187058	0.08789	0.201376	0.344742
248.875	0.15061	0.189917	0.087277	0.202787	0.35186
249	0.146664	0.190229	0.07428	0.191545	0.334587
249.125	0.127547	0.135799	0.053917	0.135936	0.29263
249.25	0.094908	0.065331	0.03131	0.050625	0.222969
249.375	0.058803	0.077352	0.012134	0.059909	0.136898
249.5	0.028335	0.079473	0.001933	0.055948	0.058249
249.625	0.008188	0.072422	0.00493	0.051796	0.010224
249.75	0.001688	0.074187	0.017624	0.06914	0.023675
249.875	0.002521	0.080041	0.024633	0.087883	0.096715
250	0.012718	0.089908	0.018963	0.105195	0.198119
250.125	0.027321	0.072531	0.007952	0.078615	0.292354
250.25	0.040483	0.050239	0.000973	0.046733	0.35423
250.375	0.044748	0.118962	0.0019	0.143205	0.368114
250.5	0.038933	0.065901	0.007779	0.081216	0.350764
250.625	0.027012	0.043461	0.013655	0.055092	0.320749
250.75	0.013693	0.042125	0.018267	0.05136	0.282954
250.875	0.003179	0.040662	0.024554	0.038079	0.226429
251	0.01097	0.060319	0.037686	0.069876	0.141791
251.125	0.030457	0.101678	0.058993	0.128032	0.055716
251.25	0.055654	0.157233	0.084081	0.203467	0.0076
251.375	0.08145	0.194943	0.107394	0.245787	0.023198
251.5	0.098782	0.213887	0.120464	0.271696	0.105414
251.625	0.103696	0.21324	0.119421	0.273924	0.195822
251.75	0.098697	0.196297	0.105945	0.248118	0.237003
251.875	0.088598	0.178286	0.085291	0.226432	0.212462
252	0.07627	0.222869	0.062939	0.286678	0.129558
252.125	0.062314	0.214759	0.04535	0.279394	0.037774
252.25	0.045957	0.175913	0.033842	0.224046	0.00097
252.375	0.027814	0.160263	0.025998	0.203237	0.02974
252.5	0.009698	0.142535	0.019796	0.184792	0.132448
252.625	-0.002732	0.123264	0.014965	0.158634	0.270293
252.75	-0.002564	0.124633	0.011993	0.161238	0.376636
252.875	0.010713	0.162702	0.009772	0.201801	0.412774
253	0.027161	0.165436	0.006747	0.211841	0.385323
253.125	0.044748	0.193584	0.002591	0.249817	0.309591
253.25	0.053995	0.200916	0.000122	0.258883	0.213687
253.375	0.052062	0.205797	-0.000455	0.269331	0.124891
253.5	0.042258	0.198883	0.000813	0.25918	0.056169
253.625	0.028593	0.204172	0.002061	0.266656	0.011566
253.75	0.015409	0.211789	0.002887	0.273147	0.022173
253.875	0.006355	0.222575	0.006257	0.289358	0.06694
254	0.002496	0.196808	0.014101	0.257869	0.119345
254.125	0.002336	0.184329	0.024729	0.239096	0.170223
254.25	0.004394	0.140072	0.034943	0.175349	0.212656
254.375	0.005912	0.066201	0.04072	0.082847	0.235766
254.5	0.005488	0.007628	0.041129	0.002492	0.229417
254.625	0.003449	-0.032586	0.03667	-0.047638	0.190872
254.75	0.000947	-0.007667	0.027912	-0.019726	0.127548
254.875	0.00321	0.011936	0.015404	0.001989	0.056386
255	0.009106	0.016561	0.003837	0.008753	0.007772
255.125	0.014389	0.015889	0.0007	0.010665	0.002042
255.25	0.016738	0.004182	0.007293	-0.022104	0.022832
255.375	0.014414	0.072895	0.019742	0.086937	0.065785
255.5	0.00717	0.0755	0.027547	0.078695	0.107816
255.625	-0.000675	0.228225	0.025498	0.27973	0.136578
255.75	-0.003754	0.244177	0.018334	0.309771	0.15647
255.875	0.000851	0.432209	0.011849	0.516806	0.173753
256	0.008334	0.394477	0.008387	0.492702	0.189005
256.125	0.016235	0.349765	0.005127	0.414361	0.194593
256.25	0.020857	0.443727	0.001549	0.525757	0.183124
256.375	0.019518	0.400902	0.001944	0.473463	0.155402
256.5	0.012896	0.383587	0.009893	0.459538	0.113448
256.625	0.005829	0.21803	0.022127	0.232193	0.061416
256.75	0.006148	0.315473	0.037711	0.37377	0.015406
256.875	0.023677	0.369216	0.058573	0.424458	-0.00283
257	0.052218	0.32743	0.084616	0.391855	0.012829
257.125	0.089112	0.395684	0.112824	0.462955	0.059651
257.25	0.124032	0.471526	0.133117	0.583552	0.113311
257.375	0.14113	0.508862	0.13491	0.611965	0.137265
257.5	0.132917	0.499899	0.117884	0.612547	0.123566
257.625	0.100336	0.467732	0.087339	0.565771	0.082248
257.75	0.053851	0.420568	0.053392	0.522407	0.036251
257.875	0.015857	0.482244	0.027101	0.587309	0.00793
258	0.000568	0.391013	0.01171	0.486334	-0.000208
258.125	0.005045	0.392361	0.003655	0.455938	-0.002535
258.25	0.026461	0.357255	0.00044	0.403804	-0.008552
258.375	0.051775	0.399595	-0.005968	0.452591	-0.010397
258.5	0.067731	0.36756	-0.005707	0.418546	-0.001067
258.625	0.071008	0.412404	0.003462	0.481584	0.021604
258.75	0.062485	0.340386	0.017128	0.444665	0.054579
258.875	0.04543	0.513553	0.030359	0.65481	0.09146
259	0.027304	0.549305	0.042241	0.679891	0.122382
259.125	0.012993	0.507739	0.053255	0.636738	0.136412
259.25	0.002389	0.48936	0.059009	0.622984	0.130637
259.375	-0.004063	0.423745	0.051134	0.531019	0.104501
259.5	0.000912	0.405157	0.024274	0.510845	0.065574
259.625	0.030171	0.396746	0.001103	0.485734	0.030138
259.75	0.094077	0.408441	0.024383	0.522211	0.007655
259.875	0.189851	0.407388	0.092964	0.507421	0.013
260	0.305136	0.400112	0.197369	0.490703	0.046436
260.125	0.408976	0.410161	0.277901	0.519313	0.080638
260.25	0.466365	0.361081	0.276015	0.454051	0.106626
260.375	0.468079	0.32469	0.20737	0.393835	0.121966
260.5	0.414137	0.274352	0.11223	0.324249	0.126095
260.625	0.314544	0.259202	0.047858	0.318235	0.117679
260.75	0.202317	0.306572	0.024523	0.379035	0.096862
260.875	0.105504	0.339734	0.016379	0.418287	0.065465
261	0.036783	0.328691	0.006431	0.416909	0.029636
261.125	0.002389	0.306138	-0.004535	0.397373	-0.000889
261.25	-0.004398	0.318469	-0.007886	0.405817	-0.012116
261.375	-0.000096	0.318648	-0.006	0.402778	0.000767
261.5	-0.000335	0.311011	-0.002311	0.393391	0.013602
261.625	0.002684	0.337656	-0.000374	0.421182	0.052288
261.75	0.013052	0.33955	0.003898	0.431651	0.11412
261.875	0.031701	0.359021	0.014799	0.453445	0.184459
262	0.053135	0.309332	0.026297	0.378581	0.240835
262.125	0.071123	0.230475	0.032758	0.241551	0.265616
262.25	0.081834	0.175648	0.030774	0.173569	0.243959
262.375	0.084272	0.103352	0.021401	0.089936	0.176668
262.5	0.078761	0.054596	0.010722	0.034134	0.097223
262.625	0.065538	0.073186	0.002857	0.074833	0.036233
262.75	0.046071	0.044076	0.001882	0.040364	0.00564
262.875	0.024801	0.040976	0.006909	0.043535	0.022449
263	0.009368	-0.002325	0.011367	-0.015531	0.043846
263.125	0.003515	0.040172	0.012724	0.044195	0.037333
263.25	0.004238	0.100556	0.010493	0.124982	0.015165
263.375	0.009006	0.122646	0.004988	0.154426	0.001338
263.5	0.016551	0.163336	-0.00051	0.201612	0.00311
263.625	0.022514	0.180005	0.00041	0.225346	0.052
263.75	0.022935	0.213227	0.00673	0.26904	0.139113
263.875	0.01688	0.217276	0.019719	0.27206	0.236323
264	0.007126	0.223231	0.031578	0.280054	0.315602
264.125	0.001231	0.235692	0.033443	0.283748	0.361917
264.25	0.0122	0.233652	0.025004	0.2664	0.378465
264.375	0.027351	0.184716	0.012653	0.207253	0.377798
264.5	0.041832	0.212359	0.002378	0.247774	0.367397
264.625	0.049792	0.224433	0.00131	0.270686	0.353075
264.75	0.049787	0.290028	0.010497	0.322751	0.337891
264.875	0.043214	0.03808	0.02077	0.004216	0.320757
265	0.032123	0.277677	0.022	0.332014	0.299461
265.125	0.018182	0.365036	0.010154	0.412373	0.271621
265.25	0.004785	0.291786	0.000248	0.340056	0.236845
265.375	-0.002504	0.32565	0.017575	0.356476	0.195955
265.5	0.001696	0.323368	0.055678	0.362518	0.149978
265.625	0.021945	0.259033	0.103139	0.279334	0.100472
265.75	0.067617	0.330888	0.147052	0.346646	0.053261
265.875	0.135491	0.291556	0.190276	0.327424	0.017248
266	0.209567	0.344957	0.240196	0.400015	0.005724
266.125	0.273675	0.400413	0.29371	0.474494	0.035465
266.25	0.313428	0.422468	0.338358	0.497719	0.076765
266.375	0.319345	0.423974	0.354351	0.491631	0.122889
266.5	0.29568	0.408404	0.333659	0.463038	0.164829
266.625	0.254098	0.417365	0.286081	0.481029	0.196022
266.75	0.205118	0.438553	0.223976	0.511999	0.211148
266.875	0.15971	0.437822	0.161221	0.509466	0.201259
267	0.124323	0.452917	0.108166	0.514496	0.163821
267.125	0.098818	0.442488	0.06706	0.501074	0.106588
267.25	0.078961	0.448812	0.035593	0.518294	0.046326
267.375	0.061688	0.418916	0.013562	0.494957	0.000557
267.5	0.044603	0.366159	0.002306	0.432643	-0.012828
267.625	0.028201	0.321922	0.000066	0.378234	0.003355
267.75	0.01449	0.2404	0.001464	0.276904	0.036732
267.875	0.004926	0.195968	0.004639	0.220483	0.072797
268	0.000595	0.145774	0.004995	0.150819	0.108592
268.125	0.000679	0.107805	0.001912	0.11012	0.153388
268.25	0.016194	0.133169	0.000557	0.123638	0.218401
268.375	0.034448	0.161909	0.005814	0.186097	0.299242
268.5	0.055582	0.175416	0.018504	0.202715	0.385071
268.625	0.079344	0.137987	0.037192	0.16	0.450767
268.75	0.103124	0.155864	0.056553	0.175377	0.473743
268.875	0.123236	0.174081	0.073181	0.204815	0.447874
269	0.136514	0.080525	0.08515	0.093107	0.380381
269.125	0.138633	0.028143	0.09053	0.025127	0.281131
269.25	0.126774	0.040403	0.086747	0.03971	0.172407
269.375	0.102357	0.060782	0.07069	0.066739	0.080574
269.5	0.071096	0.051047	0.046245	0.050538	0.020326
269.625	0.037723	0.048458	0.019799	0.045287	0.000584
269.75	0.009078	0.011277	0.003226	0.003519	-0.002266
269.875	-0.007607	-0.03868	0.000321	-0.060648	0.012628
270	-0.006742	-0.084179	0.005835	-0.119779	0.039672
270.125	0.002111	-0.108095	0.009945	-0.148896	0.066805
