3104.862	66.27655	114.7853	218.3245	4	57.2092	0	42.6908	0
3104.987	68.0555	118.1423	218.9568	4	56.706	0	43.194	0
3105.112	69.80766	121.6189	219.7663	4	53.8804	0	46.0196	0
3105.237	71.31673	124.5726	220.5606	4	50.3504	0	49.5496	0
3105.362	72.40684	126.5021	221.1843	4	47.9119	0	51.9881	0
3105.487	72.9658	127.151	221.5524	4	46.3746	0	53.5254	0
3105.612	72.96587	126.6751	221.7522	4	44.1706	0	55.7294	0
3105.737	72.86895	126.1407	222.078	4	41.8738	0	58.0262	0
3105.862	73.00951	126.0181	222.6704	4	40.7818	0	59.1182	0
3105.987	73.63458	126.5306	223.584	4	41.6799	0	58.2201	0
3106.112	74.87165	127.6742	224.7872	4	45.4744	0	54.4256	0
3106.237	76.65684	129.1714	226.1264	4	52.9362	0	46.9638	0
3106.362	78.41543	130.4932	227.2223	4	63.1338	0	36.7662	0
3106.487	79.62462	131.4398	227.8293	4	71.9182	0	27.9818	0
3106.612	80.01917	131.951	227.8356	4	75.8986	0	24.0014	0
3106.737	79.49374	132.0247	227.2461	4	75.7857	0	24.1143	0
3106.862	78.11174	131.697	226.1894	4	73.2065	0	26.6935	0
3106.987	76.08025	130.8085	224.9829	4	69.9358	0	29.9642	0
3107.112	73.87431	129.1941	223.9609	4	67.0262	0	32.8738	0
3107.237	71.66721	126.7876	223.1426	4	64.71	0	35.1901	0
3107.362	69.54336	123.67	222.4486	4	62.7623	0	37.1377	0
3107.487	67.53601	120.046	221.7512	4	60.2824	0	39.6176	0
3107.612	65.64641	116.2403	220.9071	4	55.7976	0	44.1024	0
3107.737	63.89683	112.6486	219.9537	4	49.3402	0	50.5598	0
3107.862	62.31647	109.3799	219.1271	4	42.417	1.893	55.59	0
3107.987	60.96483	106.5157	218.5946	2	37.4975	5.8133	56.5892	0
3108.112	59.89351	104.1369	218.4521	1	34.931	9.1081	55.8609	0
3108.237	59.14099	102.3237	218.705	1	33.7999	10.6799	55.4202	0
3108.362	58.7905	101.2716	219.2063	1	33.1239	10.6744	56.1017	0
3108.487	58.76141	100.8456	219.5969	1	32.6206	8.933	58.3464	0
3108.612	58.9435	100.8879	219.7109	1	32.4915	5.8445	61.564	0
3108.737	59.23052	101.3016	219.4979	1	32.7815	4.1065	63.012	0
3108.862	59.5225	101.9842	218.9891	1	33.6405	4.7521	61.5074	0
3108.987	59.74806	102.8144	218.2969	4	35.2321	5.8708	58.7971	0
3109.112	60.00274	103.5788	217.6257	2	37.0858	5.916	56.8982	0
3109.237	60.4302	104.1489	217.0822	2	28.9319	0.6144	67.251	0
3109.362	61.02973	104.4657	216.6863	2	27.8219	0	68.2153	0
3109.487	61.6951	104.5008	216.4388	2	27.4659	0	68.1349	0
3109.612	62.23739	104.2573	216.3275	1	27.8225	0	67.5851	0
3109.737	62.35099	103.7553	216.3581	1	28.2088	0	67.2349	0
3109.862	62.04224	103.0877	216.4978	1	27.7263	0	67.8695	0
3109.987	61.53606	102.3067	216.6911	1	25.5769	0.1205	69.9672	0
3110.112	60.99394	101.4366	216.8909	1	23.0413	0.4251	72.1889	0
3110.237	60.53979	100.5144	217.0546	1	20.9207	0.0477	74.7128	0
3110.362	60.23484	99.60279	217.1514	2	19.2502	0	76.4357	0
3110.487	60.08149	98.85807	217.1728	2	17.8873	0	77.7833	0
3110.612	59.99594	98.32273	217.1606	2	17.113	0	78.5432	0
3110.737	59.93462	97.99259	217.1212	2	16.9775	0	78.7083	0
3110.862	59.85894	97.83781	217.0562	2	16.8632	0.0105	78.8671	0
3110.987	59.7416	97.8148	216.9695	2	16.2095	1.0165	78.4859	0
3111.112	59.58019	97.89732	216.8884	2	15.341	1.5287	78.8332	0
3111.237	59.47487	98.06376	216.905	2	14.763	1.3087	79.6665	0
3111.362	59.49074	98.28669	217.0816	2	14.6955	0.1329	80.9414	0
3111.487	59.63462	98.55184	217.4442	2	15.1982	0	80.4864	0
3111.612	59.87731	98.83875	217.984	3	16.2516	0	79.3419	0
3111.737	60.15639	99.11891	218.6543	1	17.3448	0	78.1694	0
3111.862	60.34865	99.31763	219.3438	1	17.2766	0	78.1123	0
3111.987	60.41781	99.40963	219.9317	1	15.7443	0	79.4768	0
3112.112	60.37521	99.40432	220.3686	1	13.6487	0.1709	81.2668	0
3112.237	60.2548	99.33418	220.6273	1	11.9043	0.0198	83.1207	0
3112.362	60.10962	99.24877	220.6994	1	11.0427	0	84.0151	0
3112.487	60.02277	99.21908	220.5795	1	11.1254	0	83.9718	0
3112.612	60.07976	99.29485	220.2982	1	12.0588	0	83.0688	0
3112.737	60.24571	99.43943	219.9409	1	13.5384	0	81.5793	0
3112.862	60.46584	99.61176	219.5747	1	15.1009	0	79.9903	0
3112.987	60.68235	99.77494	219.2727	1	16.8418	0	78.2635	0
3113.112	60.84489	99.90314	219.1073	1	19.231	0	75.9893	0
3113.237	60.91568	99.98605	219.1761	1	21.6966	0	73.7774	0
3113.362	60.90524	100.0239	219.4057	1	23.3652	0	72.3353	0
3113.487	60.80793	99.99351	219.6762	1	23.7351	0	72.099	0
3113.612	60.62128	99.87131	219.8707	1	23.1379	0	72.7694	0
3113.737	60.35446	99.64408	219.8854	1	21.8396	0	74.0981	0
3113.862	60.03532	99.3174	219.6396	1	20.1521	0	75.787	0
3113.987	59.74313	98.9381	219.1923	1	18.2158	0	77.7487	0
3114.112	59.526	98.57478	218.764	1	16.1271	0	79.801	0
3114.237	59.3971	98.26517	218.4733	1	14.2787	0	81.5589	0
3114.362	59.35561	98.03957	218.3725	1	12.9147	0	82.8148	0
3114.487	59.38827	97.91827	218.44	1	11.9088	0	83.7012	0
3114.612	59.47079	97.91515	218.5293	1	11.0041	0	84.4735	0
3114.737	59.54713	97.9566	218.4642	1	10.0705	0.4515	84.7938	0
3114.862	59.57178	97.99034	218.2537	1	9.5551	1.1242	84.5393	0
3114.987	59.52129	97.99432	217.9675	1	10.0806	1.4054	83.8191	0
3115.112	59.38883	97.96628	217.6983	1	11.581	1.3216	82.6579	0
3115.237	59.18614	97.92805	217.5409	1	12.9988	1.0491	81.7989	0
3115.362	58.97841	97.93282	217.5294	1	13.6642	0.9356	81.4521	0
3115.487	58.83004	97.99998	217.5784	1	13.8316	1.1468	81.1737	0
3115.612	58.75554	98.12437	217.6766	1	13.9591	1.5921	80.6176	0
3115.737	58.75292	98.28392	217.8384	1	14.3046	1.8774	79.9827	0
3115.862	58.80663	98.44393	218.0928	1	14.6199	1.8887	79.6366	0
3115.987	58.88841	98.55343	218.4712	1	14.465	1.7012	79.9195	0
3116.112	58.96781	98.61258	218.8922	1	13.8474	1.2522	80.9048	0
3116.237	59.03307	98.6668	219.2647	1	13.1964	0.3822	82.3782	0
3116.362	59.0783	98.74007	219.553	1	12.9004	0.0298	82.9957	0
3116.487	59.1006	98.83986	219.7568	1	12.7336	0	83.1705	0
3116.612	59.10048	98.95154	219.9145	1	12.1414	1.2794	82.3623	0
3116.737	59.07439	99.02241	220.1064	1	11.3109	2.5096	81.8163	0
3116.862	59.01934	99.03593	220.3381	1	10.5276	3.0366	81.9792	0
3116.987	58.91136	99.01855	220.5563	1	9.5269	3.2736	82.7032	0
3117.112	58.71823	98.96162	220.6828	1	7.5528	3.4974	84.4106	0
3117.237	58.40113	98.81957	220.6253	1	4.4878	3.9058	87.0351	0
3117.362	57.88727	98.45293	220.2446	2	1.6597	5.0182	88.8717	0
3117.487	57.12407	97.82869	219.4588	2	0.1425	7.2986	88.4859	0
3117.612	56.19374	97.12949	218.3713	2	0	10.7755	85.7711	0
3117.737	55.19894	96.51732	217.0897	2	0	14.7167	82.4648	0
3117.862	54.27375	96.11311	215.7607	2	0	18.2029	79.5123	0
3117.987	53.57307	95.96926	214.562	2	0.3678	20.2446	77.4951	0
3118.112	53.35037	96.02422	213.8263	2	1.4813	19.7631	77.1099	0
3118.237	53.5762	96.13693	213.6517	2	2.9546	16.7344	78.6965	0
3118.362	54.1886	96.34916	214.0052	2	4.6404	11.4212	82.1027	0
3118.487	55.10493	96.70447	214.7754	2	6.7922	5.5185	85.5133	0
3118.612	56.20895	97.20991	215.775	2	9.7463	0.5097	87.2051	0
3118.737	57.33428	97.76742	216.7179	3	13.1821	0	83.8331	0
3118.862	58.21164	98.15999	217.2441	1	16.1806	0	80.4905	0
3118.987	58.76455	98.32785	217.3592	1	17.8643	0	78.6151	0
3119.112	59.01656	98.31339	217.1743	1	18.2057	0	78.2024	0
3119.237	59.05345	98.20259	216.8622	1	17.4225	0	78.9199	0
3119.362	59.00786	98.10627	216.6309	1	15.4119	0	80.7688	0
3119.487	59.0511	98.12776	216.7368	1	12.9344	1.1088	81.8148	0
3119.612	59.22091	98.24199	217.1602	1	10.9104	1.6992	82.8977	0
3119.737	59.46762	98.39516	217.756	1	10.187	1.6528	83.4018	0
3119.862	59.7407	98.54697	218.3934	1	10.4182	1.4363	83.2205	0
3119.987	59.98914	98.66718	218.9525	1	11.1292	1.1384	82.7348	0
3120.112	60.16532	98.74166	219.3409	1	11.8907	0.6476	82.4768	0
3120.237	60.21962	98.78295	219.5353	1	12.749	0.0618	82.2952	0
3120.362	60.18409	98.79989	219.629	1	13.5616	0	81.6579	0
3120.487	60.09657	98.78404	219.6453	1	14.2474	0	81.1022	0
3120.612	60.00195	98.73599	219.5891	1	15.0015	0	80.4689	0
3120.737	59.94665	98.67216	219.4542	1	16.0818	0	79.4971	0
3120.862	59.9797	98.67503	219.2419	1	16.9993	0	78.6235	0
3120.987	60.09008	98.84554	219.0759	1	17.3152	0	78.2523	0
3121.112	60.23993	99.18439	219.0943	1	17.0066	0	78.4219	0
3121.237	60.41056	99.66516	219.3894	1	16.3997	0	78.854	0
3121.362	60.59678	100.2399	219.9994	1	15.591	0	79.4532	0
3121.487	60.81282	100.8452	220.8905	1	14.7005	0	80.0978	0
3121.612	61.09883	101.3679	221.8664	1	14.048	0	80.4874	0
3121.737	61.43371	101.7294	222.6577	1	13.9559	0	80.3283	0
3121.862	61.77754	101.8848	223.1478	1	14.5685	0	79.5293	0
3121.987	62.08249	101.8306	223.2912	1	15.7054	0	78.3025	0
3122.112	62.30127	101.6079	223.1111	1	17.0533	0	76.9546	0
3122.237	62.39157	101.3331	222.7031	1	18.1246	0	75.9319	0
3122.362	62.37919	101.1512	222.2874	1	18.5551	0	75.5539	0
3122.487	62.31438	101.093	221.9878	1	17.9713	0	76.1402	0
3122.612	62.21774	101.1706	221.8386	1	16.5669	0	77.4926	0
3122.737	62.10638	101.3863	221.8271	1	14.6511	0	79.315	0
3122.862	61.99578	101.7368	221.8962	1	12.7179	0	81.1518	0
3122.987	61.8925	102.2162	221.9412	1	11.1797	0	82.6245	0
3123.112	61.80003	102.7421	221.9321	1	10.4435	0.0133	83.3435	0
3123.237	61.73426	103.286	221.916	1	10.9647	0.0952	82.7686	0
3123.362	61.70871	103.8189	221.9557	1	12.5847	0.0148	81.3485	0
3123.487	61.73026	104.2998	222.1138	1	14.5604	0.0526	79.4892	0
3123.612	61.79391	104.6319	222.4458	1	16.072	0.0948	78.0887	0
3123.737	61.82717	104.612	222.9035	1	17.0658	0.0103	77.2781	0
3123.862	61.76741	104.2076	223.3538	1	17.6961	0	76.7764	0
3123.987	61.58149	103.4501	223.7019	1	17.9197	0	76.7416	0
3124.112	61.26169	102.4269	223.874	1	17.6987	0	77.2	0
3124.237	60.82872	101.2717	223.8264	1	16.8444	0	78.2901	0
3124.362	60.35595	100.194	223.5482	1	15.3718	0	79.9534	0
3124.487	59.96055	99.36838	223.1993	1	13.6575	0	81.7933	0
3124.612	59.70964	98.86594	222.8977	1	12.5464	0	82.9439	0
3124.737	59.63138	98.70351	222.7211	1	11.9404	0	83.5019	0
3124.862	59.7206	98.85063	222.7112	1	11.2266	0	84.0582	0
3124.987	59.93673	99.23892	222.8658	1	10.3673	0	84.6873	0
3125.112	60.18334	99.74923	223.0855	1	9.7805	0	85.0508	0
3125.237	60.40359	100.2519	223.2553	1	9.7192	0	84.9543	0
3125.362	60.59389	100.6581	223.3411	1	9.8933	0	84.6678	0
3125.487	60.75328	100.8917	223.3464	1	10.0408	0	84.4288	0
3125.612	60.87721	100.8991	223.3085	1	10.3053	0	84.1186	0
3125.737	60.9247	100.6597	223.3069	1	11.0374	0	83.4351	0
3125.862	60.85732	100.3057	223.3688	1	12.3044	0	82.336	0
3125.987	60.69049	99.93681	223.4407	1	13.5537	0	81.3374	0
3126.112	60.46033	99.59188	223.4648	1	13.9542	0	81.1437	0
3126.237	60.21854	99.29308	223.3955	1	13.5161	0	81.699	0
3126.362	60.02973	99.06146	223.216	1	13.0227	0.255	81.9846	0
3126.487	59.95721	98.95573	223.0154	1	12.8386	0.0296	82.4385	0
3126.612	59.96875	98.937	222.9276	1	12.7251	0	82.5539	0
3126.737	60.05022	98.95094	223.0043	1	12.4932	0	82.6907	0
3126.862	60.18514	98.94118	223.2469	1	12.4025	0	82.667	0
3126.987	60.35277	98.86375	223.6102	1	12.6455	0	82.3294	0
3127.112	60.51173	98.72718	223.9877	1	12.8223	0	82.0706	0
3127.237	60.59186	98.62365	224.2554	1	12.3344	0	82.4668	0
3127.362	60.57648	98.61157	224.3961	1	10.9963	0	83.7214	0
3127.487	60.47855	98.69811	224.4234	1	9.5799	0	85.1039	0
3127.612	60.3295	98.86015	224.3693	1	8.7004	0	86.0142	0
3127.737	60.17484	99.04809	224.278	1	8.2429	0	86.5321	0
3127.862	60.06132	99.17036	224.2125	1	7.5933	0	87.204	0
3127.987	59.9797	99.21664	224.2089	1	6.5071	0	88.2508	0
3128.112	59.92113	99.21871	224.2814	1	5.3261	0	89.3662	0
3128.237	59.88467	99.20887	224.4343	1	4.406	0.0712	90.149	0
3128.362	59.87463	99.21748	224.6628	1	3.9348	0.0083	90.6439	0
3128.487	59.9026	99.27415	224.9583	1	3.7924	0	90.7613	0
3128.612	59.94335	99.40485	225.2926	1	3.7023	0	90.8149	0
3128.737	59.97241	99.62282	225.6292	1	3.6253	0	90.8671	0
3128.862	59.99847	99.91338	225.9362	1	3.6776	0	90.7991	0
3128.987	60.0438	100.2344	226.1849	1	3.8979	0	90.55	0
3129.112	60.13921	100.5178	226.3553	1	4.3939	0	90.0117	0
3129.237	60.304	100.6375	226.4611	1	5.102	0	89.2489	0
3129.362	60.47216	100.6253	226.605	1	5.7151	0	88.5679	0
3129.487	60.59568	100.5793	226.8365	1	6.1499	0	88.0984	0
3129.612	60.65482	100.5743	227.1426	1	6.475	0	87.7795	0
3129.737	60.65432	100.6567	227.4528	1	6.6561	0	87.6194	0
3129.862	60.63225	100.8222	227.5967	1	6.513	0	87.7595	0
3129.987	60.63381	100.9901	227.3354	1	6.0634	0	88.1675	0
3130.112	60.64856	101.0992	226.7449	1	5.5	0	88.6684	0
3130.237	60.66117	101.135	225.9803	1	5.0876	0	89.0384	0
3130.362	60.65953	101.1057	225.2408	1	5.009	0.0766	89.0332	0
3130.487	60.63771	101.0405	224.7391	1	5.5596	0.0966	88.5287	0
3130.612	60.59958	100.995	224.6991	1	6.683	0.0101	87.6266	0
3130.737	60.5563	101.0065	224.9807	1	8.0295	0	86.4407	0
3130.862	60.50171	101.0837	225.3895	1	8.825	0	85.7572	0
3130.987	60.42199	101.2095	225.7872	1	9.0187	0	85.648	0
3131.112	60.29934	101.3408	226.0715	1	9.068	0	85.7097	0
3131.237	60.10987	101.3958	226.1895	1	8.6973	0	86.2064	0
3131.362	59.81588	101.2536	226.1621	1	7.3762	0	87.6316	0
3131.487	59.44002	100.949	226.0847	1	5.4137	0.6802	88.9839	0
3131.612	58.99919	100.5614	225.9942	3	3.764	1.4273	90.0347	0
3131.737	58.51789	100.1916	225.9078	2	2.7377	1.8881	90.8463	0
3131.862	58.02718	99.94594	225.8239	2	2.2616	2.4389	91.0537	0
3131.987	57.57779	99.93454	225.7074	2	2.1708	3.3888	90.4543	0
3132.112	57.21954	100.0752	225.5459	2	2.4939	4.4302	89.3212	0
3132.237	56.97892	100.2477	225.4041	2	3.4618	4.7056	88.2982	0
3132.362	56.87445	100.3736	225.371	2	5.1855	3.4548	88.0696	0
3132.487	56.9181	100.3918	225.5312	2	7.4412	0.344	89.174	0
3132.612	57.11905	100.2609	225.9481	2	9.5771	0	87.3832	0
3132.737	57.52243	100.0094	226.564	2	10.9017	0	85.8678	0
3132.862	58.06546	99.82922	227.0962	2	11.1993	0	85.1897	0
3132.987	58.7084	99.87148	227.3875	1	11.1287	0	84.7738	0
3133.112	59.39761	100.2119	227.3566	1	11.6252	0	83.8306	0
3133.237	60.07087	100.8379	226.9998	1	13.181	0	81.9581	0
3133.362	60.6428	101.5825	226.3985	1	15.3596	0	79.5943	0
3133.487	61.04739	102.1294	225.7453	1	17.2708	0	77.5783	0
3133.612	61.30008	102.4166	225.1365	1	17.9817	0.0701	76.7057	0
3133.737	61.4195	102.4999	224.602	1	17.4585	0.138	77.0545	0
3133.862	61.43128	102.4744	224.1478	1	16.2544	0.015	78.3061	0
3133.987	61.36301	102.4458	223.7614	1	15.0561	0	79.477	0
3134.112	61.23243	102.4527	223.4137	1	13.9184	0	80.6101	0
3134.237	61.06424	102.4419	223.0494	1	12.7659	0	81.7845	0
3134.362	60.86839	102.393	222.6482	1	11.9732	0	82.6534	0
3134.487	60.66195	102.2994	222.2123	1	11.6544	0	83.0894	0
3134.612	60.46389	102.1591	221.7662	1	11.4623	0	83.3994	0
3134.737	60.28844	101.954	221.3729	1	10.9382	0	84.001	0
3134.862	60.12665	101.6474	221.1312	1	10.2321	0	84.761	0
3134.987	59.96916	101.2729	221.0582	1	9.4721	0	85.5673	0
3135.112	59.83061	100.8778	221.1483	1	8.8172	0.022	86.2334	0
3135.237	59.735	100.5269	221.3725	1	8.6051	0.0026	86.4953	0
3135.362	59.71235	100.2976	221.6811	1	9.1885	0	85.9509	0
3135.487	59.81307	100.3061	221.9978	1	10.1209	0	85.0159	0
3135.612	60.00787	100.5097	222.2599	1	10.8435	0	84.2089	0
3135.737	60.25819	100.8301	222.4546	1	11.1709	0	83.7193	0
3135.862	60.53905	101.1916	222.5765	1	11.4517	0	83.2587	0
3135.987	60.83005	101.5274	222.6227	1	11.5067	0	83.0043	0
3136.112	61.11211	101.7978	222.5803	1	10.8778	0	83.3819	0
3136.237	61.37183	102.0459	222.4227	1	9.744	0	84.2305	0
3136.362	61.62315	102.3439	222.181	1	8.917	0	84.8054	0
3136.487	61.88686	102.6841	221.8825	1	9.19	0	84.3617	0
3136.612	62.17363	103.0197	221.5541	1	10.4866	0	82.9703	0
3136.737	62.47659	103.272	221.217	1	12.339	0	81.0864	0
3136.862	62.71945	103.2872	220.8633	1	14.2605	0	79.1948	0
3136.987	62.79791	102.9704	220.4707	1	16.1397	0	77.4454	0
3137.112	62.67324	102.2886	220.0609	1	18.3346	0	75.5876	0
3137.237	62.34697	101.4246	219.6831	3	20.5941	0	73.8517	0
3137.362	61.84666	100.8411	219.399	1	22.2797	0	72.7692	0
3137.487	61.21536	101.447	219.2782	1	22.9951	0	72.578	0
3137.612	60.54359	104.886	219.3689	1	22.8417	0.0026	73.1445	0
3137.737	59.98076	110.3772	219.5677	1	22.1291	1.4822	72.5576	0
3137.862	59.61512	116.698	219.819	1	21.3949	2.2876	72.5287	0
3137.987	59.48143	122.5223	220.0798	1	20.3515	2.3442	73.4118	0
3138.112	59.55373	126.6528	220.3202	1	18.2416	2.0701	75.5561	0
3138.237	59.69547	128.2718	220.5131	1	15.4847	1.8866	78.1892	0
3138.362	59.71957	128.4065	220.6366	1	13.3944	1.8467	80.13	0
3138.487	59.61331	128.0932	220.6955	1	13.1151	1.6831	80.685	0
3138.612	59.42249	127.6987	220.7059	1	14.0218	0.5211	81.2555	0
3138.737	59.20635	127.3495	220.6936	1	15.3768	0.0404	80.6695	0
3138.862	59.016	126.962	220.6908	1	16.9873	2.986	76.1878	0
3138.987	58.83057	126.6198	220.7204	1	19.2692	3.1245	74.1093	0
3139.112	58.60554	126.6345	220.7483	1	21.7388	2.7997	72.4184	0
3139.237	58.34849	127.083	220.7494	1	22.856	3.6466	70.7213	0
3139.362	58.09766	127.882	220.7198	1	22.3454	5.4546	69.4262	0
3139.487	57.92763	128.8153	220.684	1	21.1066	6.4499	69.4946	0
3139.612	58.02163	129.4759	220.7398	1	20.1306	5.8746	70.7636	0
3139.737	58.59818	129.6578	221.111	1	19.3191	4.1374	72.8613	0
3139.862	59.61801	129.5616	221.928	1	17.7031	1.889	75.909	0
3139.987	61.04463	129.3668	223.2589	1	15.3347	0.3143	78.671	0
3140.112	62.83635	129.2339	225.0875	1	13.2592	0.0165	79.925	0
3140.237	64.96217	129.2793	227.3018	1	12.2946	0	80.3031	0
3140.362	67.53068	129.6596	229.5947	1	11.91	0	80.255	0
3140.487	70.38927	130.412	231.563	1	11.4254	0	80.2949	0
3140.612	73.30981	131.4089	233.0271	1	10.8076	0	80.2027	0
3140.737	75.98877	132.4214	233.9036	1	10.2659	0	79.7551	0
3140.862	78.08968	133.1538	234.1954	1	9.7177	0	79.2983	0
3140.987	79.20599	133.2042	233.9719	1	9.087	0	79.3865	0
3141.112	79.10829	132.3073	233.4313	1	8.5844	0	80.0708	0
3141.237	78.18649	130.7828	232.7484	1	8.1524	0	81.3102	0
3141.362	76.75657	128.8571	231.9213	1	7.4643	0	82.6114	0
3141.487	75.14289	126.761	230.9082	1	6.4653	0	83.9028	0
3141.612	73.63413	124.702	229.6486	1	5.5501	0	84.8876	0
3141.737	72.4025	122.8251	228.1256	1	5.3364	0	85.2726	0
3141.862	71.21192	121.0496	226.6594	1	6.0155	0	84.9714	0
3141.987	69.89277	119.4249	225.5354	1	6.6885	0	84.654	0
3142.112	68.39097	117.8898	224.9061	1	6.6086	0	84.8259	0
3142.237	66.73124	116.2618	224.7878	1	6.353	0	85.0217	0
3142.362	65.02668	114.1478	225.0077	1	7.479	0	84.1932	0
3142.487	63.43068	111.152	225.0248	1	10.1025	0	82.7428	0
3142.612	61.94139	107.7603	224.5223	1	12.9341	0	81.1332	0
3142.737	60.55241	104.4931	223.4721	1	14.6137	0.7701	79.6736	0
3142.862	59.25246	101.7878	221.9925	1	15.6428	2.4701	77.7889	0
3142.987	58.0303	99.93152	220.3228	1	17.023	5.6453	74.0386	0
3143.112	56.90883	98.97738	218.8732	1	18.6527	10.1668	68.6255	0
3143.237	55.93184	98.39104	217.9704	1	19.5725	15.1501	63.2976	0
3143.362	55.15425	97.95473	217.6495	1	18.547	18.6331	61.1221	0
3143.487	54.63229	97.62655	217.897	1	15.9463	19.7019	62.6738	0
3143.612	54.40605	97.38396	218.6482	2	11.1966	17.6255	69.2179	0
3143.737	54.49457	97.1731	219.8044	2	8.8886	17.0071	71.8935	0
3143.862	54.93456	96.96431	221.2579	2	7.9301	15.6316	73.9529	0
3143.987	55.61546	96.77489	222.775	2	7.6081	12.4949	77.0476	0
3144.112	56.52369	96.59756	224.2061	2	7.5224	8.4981	80.5951	0
3144.237	57.62866	96.47913	225.3962	2	7.7067	4.9349	83.3115	0
3144.362	58.87691	96.52383	226.199	2	8.2918	2.243	84.7134	0
3144.487	60.15693	97.00144	226.4291	1	9.3199	0.4614	84.7962	0
3144.612	61.30489	97.95161	226.1447	1	10.9685	0.0298	83.289	0
3144.737	62.33045	99.06565	225.6014	1	13.7908	0	80.5788	0
3144.862	63.33167	100.0638	224.9678	1	17.6543	0	77.053	0
3144.987	64.38916	100.7266	224.3723	1	21.3391	0	73.7779	0
3145.112	65.51956	100.9501	223.8824	1	23.2122	0	71.917	0
3145.237	66.50276	100.8351	223.5005	1	23.5061	0	71.1862	0
3145.362	67.26942	100.7478	223.2251	1	22.5298	0	71.5709	0
3145.487	67.96557	100.8179	223.1259	1	20.8727	0	72.7335	0
3145.612	68.79047	101.1538	223.2174	1	19.2444	0	74.0994	0
3145.737	69.91956	101.8824	223.4276	1	17.8047	0	75.3378	0
3145.862	71.37855	103.3174	223.465	1	16.31	0	76.518	0
3145.987	72.7154	105.6465	222.8089	1	14.9106	0	77.5666	0
3146.112	73.5317	108.4952	221.5884	1	14.1765	0	77.9728	0
3146.237	73.70015	111.4882	220.2733	1	14.3801	0	77.439	0
3146.362	73.23521	114.2333	219.4816	1	15.5342	0	75.8178	0
3146.487	72.27818	116.373	219.8769	1	17.2575	0	73.2892	0
3146.612	71.01318	117.582	222.0496	1	18.715	0	70.5795	0
3146.737	69.71891	118.235	224.9346	1	19.3141	0	69.9315	0
3146.862	68.40961	118.5993	227.5453	1	18.5225	0	71.341	0
3146.987	67.06857	118.7879	229.2188	1	17.0271	0	73.58	0
3147.112	65.69469	118.8664	229.5766	1	15.6996	0	75.7229	0
3147.237	64.36579	118.9119	228.5956	1	15.1125	0	77.0806	0
3147.362	63.55632	119.1999	226.9328	1	15.2596	0	77.4682	0
3147.487	63.49789	119.8639	225.4672	1	16.1284	0	76.656	0
3147.612	64.11834	120.8181	224.625	1	17.5718	0	74.8289	0
3147.737	65.17545	121.8529	224.6316	1	19.5144	0	72.3782	0
3147.862	66.30112	122.6787	225.4904	1	21.4489	0	70.1296	0
3147.987	66.98747	122.9722	226.8442	1	22.5198	0	68.8373	0
3148.112	67.17721	122.9819	227.8564	1	22.4642	0	68.7005	0
3148.237	66.97695	123.0842	228.2087	4	21.712	0	69.3988	0
3148.362	66.44067	123.4258	227.9301	4	20.8511	0	70.44	0
3148.487	65.61115	123.9818	227.2829	4	20.4357	0	71.3714	0
3148.612	64.50567	124.5018	226.7669	4	21.1616	0	71.5229	0
3148.737	63.24699	124.1547	227.0673	1	22.9717	0	70.7989	0
3148.862	62.10471	122.6073	227.9623	4	25.5445	0	69.3179	0
3148.987	61.15789	119.8946	229.0268	4	28.3637	0	67.4286	0
3149.112	60.42205	116.3395	229.7839	1	30.7742	1.6608	64.2862	0
3149.237	59.86164	112.4978	229.7853	4	32.2869	2.8085	62.0842	0
3149.362	59.41619	109.2816	228.6462	2	33.0314	3.8646	60.5618	0
3149.487	59.11506	107.142	226.8062	2	33.932	4.9476	58.8174	0
3149.612	59.00499	105.8018	224.9501	2	36.1631	5.3113	56.4862	0
3149.737	59.09997	105.0196	223.4927	2	39.3753	4.5928	54.2353	0
3149.862	59.38429	104.5916	222.6493	2	42.6687	3.3307	53.7268	0
3149.987	59.813	104.418	222.3685	4	45.0239	2.2014	52.6747	0
3150.112	60.30207	104.6339	222.0642	4	46.5292	1.2917	52.0791	0
3150.237	60.89407	105.0487	221.2539	4	47.0989	0.1304	52.6707	0
3150.362	61.65134	105.4748	220.0624	4	45.4736	0.0006	54.4258	0
3150.487	62.51536	105.7671	218.8762	4	40.956	0	58.944	0
3150.612	63.32659	105.8342	218.2361	4	33.9853	0	61.8543	0
3150.737	63.75745	105.654	218.8578	4	27.1934	0	67.2112	0
3150.862	63.56138	105.3315	220.8366	1	22.2112	0	71.6208	0
3150.987	62.9166	104.9457	223.5801	4	18.6247	0	75.2874	0
3151.112	62.00219	104.6119	226.7316	4	15.4228	0	78.8763	0
3151.237	61.01115	104.4914	229.9665	3	12.541	0	82.1739	0
3151.362	60.1226	104.7822	233.0015	1	10.2345	0	84.8449	0
3151.487	59.50866	105.7615	235.1415	1	8.6941	0	86.6581	0
3151.612	59.1778	106.9501	235.7205	1	7.9798	0	87.5211	0
3151.737	59.16203	107.7928	234.3722	1	8.1587	0	87.2799	0
3151.862	59.4328	107.9089	231.1385	1	9.0178	0	86.2309	0
3151.987	59.90953	107.0939	226.4871	1	10.1882	0	84.8058	0
3152.112	60.45563	105.3582	221.5187	1	11.3346	0	83.4024	0
3152.237	60.86877	103.2326	218.1255	1	12.3527	0	82.2001	0
3152.362	61.05893	101.2214	216.7334	1	13.2212	0	81.3144	0
3152.487	61.01128	99.53475	217.0527	1	13.7926	0	80.893	0
3152.612	60.76583	98.35918	218.4243	1	13.9991	0	80.911	0
3152.737	60.41049	97.86532	219.943	1	14.1328	0	81.0309	0
3152.862	60.07575	98.29954	220.5314	1	13.9196	0	81.4517	0
3152.987	59.80687	99.28909	220.1592	1	13.0061	0	82.4724	0
3153.112	59.57572	100.4066	219.2677	1	11.7913	0	83.7397	0
3153.237	59.3601	101.3453	218.2274	1	10.9881	0	84.6281	0
3153.362	59.14988	101.8921	217.3617	1	10.8143	0	84.9297	0
3153.487	58.96442	101.9643	216.9059	1	11.042	0	84.8278	0
3153.612	58.89093	101.6963	217.0251	1	11.6006	0	84.3536	0
3153.737	58.96722	101.4674	217.608	1	12.4548	0	83.4932	0
3153.862	59.19602	101.461	218.5834	1	13.0438	0	82.7498	0
3153.987	59.55098	101.7617	219.8335	1	12.9904	0	82.5233	0
3154.112	59.97963	102.3411	221.204	1	12.6475	0	82.5415	0
3154.237	60.38556	102.936	222.4911	1	12.3559	0	82.5408	0
3154.362	60.67685	103.1166	223.5868	1	11.8592	0	82.7971	0
3154.487	60.84763	102.8984	224.494	1	10.8564	0	83.6197	0
3154.612	60.90836	102.4574	225.1823	1	9.8219	0	84.5481	0
3154.737	60.88364	102.0596	225.5952	1	9.1185	0	85.221	0
3154.862	60.80828	102.0313	225.6312	1	8.6768	0	85.6713	0
3154.987	60.75126	102.6491	225.0415	1	8.4875	0	85.8764	0
3155.112	60.76051	103.6117	223.9382	1	8.7946	0.1468	85.4189	0
3155.237	60.8518	104.7718	222.4029	1	9.4863	0.3934	84.4164	0
3155.362	61.02932	106.0518	220.5653	1	10.1866	0.372	83.6408	0
3155.487	61.29147	107.4467	218.5968	1	10.6157	0.2088	83.2181	0
3155.612	61.66253	109.0929	216.7639	1	10.7755	0.0198	83.0034	0
3155.737	62.19048	111.0696	215.3702	1	10.7742	0	82.6394	0
3155.862	62.85885	113.1862	214.482	1	10.6522	0	82.2439	0
3155.987	63.59455	115.1713	214.1267	1	10.3711	0	81.9705	0
3156.112	64.27361	116.7037	214.3131	1	9.9287	0	81.9547	0
3156.237	64.72652	117.4452	215.0498	1	9.5292	0	82.125	0
3156.362	64.63416	116.8178	216.5395	1	9.5089	0	82.2636	0
3156.487	64.03242	115.1162	218.5137	1	9.6736	0	82.6005	0
3156.612	63.0117	112.6517	220.5916	1	9.3694	0	83.712	0
3156.737	61.70985	109.8011	222.2958	1	8.541	0	85.3036	0
3156.862	60.30616	106.9782	223.13	1	7.7452	0.9681	85.9081	0
3156.987	59.04779	104.6533	222.5564	1	7.5042	2.932	84.8908	0
3157.112	58.18381	103.1337	220.7231	1	7.6189	4.8928	83.3321	0
3157.237	57.7359	102.2645	218.5337	1	7.7099	5.872	82.4801	0
3157.362	57.70068	101.9089	216.6307	1	7.7503	5.6234	82.6309	0
3157.487	58.01968	101.8909	215.5438	1	7.9517	4.6329	83.198	0
3157.612	58.58046	102.016	215.6327	1	8.4214	3.454	83.6164	0
3157.737	59.16947	102.112	217.1902	1	9.0747	2.4861	83.6565	0
3157.862	59.57549	102.1476	219.626	1	9.7887	1.9147	83.3329	0
3157.987	59.79857	102.1716	222.468	1	10.5497	1.7271	82.7247	0
3158.112	59.91771	102.2204	225.2647	1	11.5156	1.6127	81.8927	0
3158.237	60.05174	102.3201	227.5419	1	13.0418	1.3604	80.6471	0
3158.362	60.33996	102.4835	228.7067	1	15.1394	0.8487	79.0636	0
3158.487	60.79775	102.7442	228.1561	1	17.3936	0.0984	77.5089	0
3158.612	61.25309	103.0904	226.3828	1	19.446	0.0019	75.4254	0
3158.737	61.59896	103.4864	223.9207	1	21.1312	0	73.7536	0
3158.862	61.76556	103.8438	221.3849	1	22.3077	0.1869	72.4605	0
3158.987	61.72462	104.0274	219.385	1	22.8693	0.0936	72.073	0
3159.112	61.46592	103.7981	218.4776	1	22.6778	0.0084	72.4681	0
3159.237	61.07689	103.1532	218.3112	1	21.305	0.5293	73.3957	0
3159.362	60.62136	102.2488	218.4194	1	18.7769	1.1993	75.3159	0
3159.487	60.15484	101.2444	218.537	1	16.1037	1.5554	77.737	0
3159.612	59.73353	100.2998	218.5147	1	14.1679	1.5376	79.8213	0
3159.737	59.41604	99.55369	218.3529	1	13.0681	1.377	81.2049	0
3159.862	59.2436	99.09774	218.2195	1	12.4425	1.4476	81.8209	0
3159.987	59.16499	98.8062	218.2231	1	12.0828	1.88	81.7295	0
3160.112	59.15013	98.62189	218.3879	1	11.9788	2.2146	81.4584	0
3160.237	59.18324	98.5004	218.7085	1	12.1402	2.0706	81.4286	0
3160.362	59.2598	98.41273	219.1529	1	12.6403	1.1693	81.8734	0
3160.487	59.37832	98.35573	219.655	1	13.464	0.111	82.1591	0
3160.612	59.51025	98.37038	220.0942	1	14.6501	0	81.0983	0
3160.737	59.62679	98.46758	220.4147	1	16.0972	0	79.6962	0
3160.862	59.697	98.61818	220.5989	1	17.7241	0	78.1761	0
3160.987	59.68979	98.76608	220.6522	1	19.2954	0	76.7723	0
3161.112	59.57758	98.83389	220.5993	1	20.1899	0	76.0768	0
3161.237	59.30055	98.73082	220.4574	1	20.1972	0	76.2641	0
3161.362	58.94812	98.54851	220.2811	1	19.817	0	76.8606	0
3161.487	58.60346	98.35139	220.1195	1	19.8391	0	77.0687	0
3161.612	58.35027	98.18533	220.0383	1	20.0888	0	76.9736	0
3161.737	58.26295	98.0806	220.1103	1	19.6819	0.6379	76.677	0
3161.862	58.41551	98.06674	220.433	1	18.4391	1.5503	76.7135	0
3161.987	58.79771	98.2077	221.0036	1	16.9055	1.8698	77.491	0
3162.112	59.34417	98.55615	221.7064	1	16.0149	1.2832	78.5013	0
3162.237	59.99268	99.12445	222.4643	1	16.3792	0.126	78.9258	0
3162.362	60.65244	99.86604	223.2084	1	18.0324	0	77.118	0
3162.487	61.20434	100.6685	223.8838	1	20.4349	0	74.6534	0
3162.612	61.41307	101.2649	224.392	1	23.0017	0	72.3213	0
3162.737	61.25812	101.5004	224.6444	4	25.673	0	70.1286	0
3162.862	60.82048	101.4023	224.5472	4	28.5742	0	67.9141	0
3162.987	60.2303	101.0846	224.0581	4	31.001	0	66.1216	0
3163.112	59.658	100.7284	223.2125	4	31.9323	0	65.5657	0
3163.237	59.33681	100.6036	222.1871	4	30.9916	0	66.5225	0
3163.362	59.49333	100.9253	221.4967	4	29.1726	0	68.0309	0
3163.487	60.04438	101.5566	221.4394	4	27.1889	0	69.3923	0
3163.612	60.89038	102.3481	222.0696	1	24.7023	0	70.975	0
3163.737	61.88944	103.121	223.267	1	21.1692	0	73.3636	0
3163.862	62.86782	103.6845	224.7486	1	17.1087	0	76.4005	0
3163.987	63.53489	103.7637	225.9614	1	13.656	0	79.135	0
3164.112	63.70959	103.3533	226.5306	1	10.9793	0	81.4816	0
3164.237	63.3685	102.5898	226.4454	1	9.1068	0	83.5625	0
3164.362	62.5687	101.6606	225.7823	1	8.3705	0	84.9164	0
3164.487	61.44967	100.785	224.6902	1	9.0731	0	85.0955	0
3164.612	60.24504	100.1982	223.3641	1	10.932	0	84.1868	0
3164.737	59.32917	100.0038	222.0632	1	13.4282	0	82.5169	0
3164.862	58.78632	99.9546	220.9484	1	15.8249	0.9232	79.6743	0
3164.987	58.5872	99.89674	220.1049	1	17.4696	0.6786	78.4751	0
3165.112	58.65171	99.77516	219.603	1	18.1423	0.0663	78.4094	0
3165.237	58.86586	99.64022	219.5033	1	18.4616	0	78.0386	0
3165.362	59.0892	99.71552	219.9637	1	18.7807	0	77.6037	0
3165.487	59.2417	100.1706	220.9948	1	18.8468	0	77.4411	0
3165.612	59.3624	100.8951	222.4731	1	18.0469	0	78.0955	0
3165.737	59.51332	101.7502	224.2435	1	16.8427	0	79.0714	0
3165.862	59.7573	102.612	226.0968	1	15.6017	0	79.995	0
3165.987	60.14411	103.4217	227.7708	1	14.094	0	81.0721	0
3166.112	60.66851	104.2798	228.8783	1	11.349	0	83.2125	0
3166.237	61.18825	105.2832	229.4597	1	7.7318	0	86.1399	0
3166.362	61.6213	106.3584	229.5916	3	4.8101	0	88.5225	0
3166.487	61.91781	107.3971	229.3897	3	3.3228	0	89.708	0
3166.612	62.06336	108.2811	228.989	3	3.095	0	89.8398	0
3166.737	62.08633	108.8944	228.5161	3	3.4665	0	89.4883	0
3166.862	62.06986	109.2856	228.0345	3	3.9014	0	89.1067	0
3166.987	62.03515	109.5123	227.5257	3	4.4102	0	88.6723	0
3167.112	61.959	109.5349	226.9747	3	5.5434	0	87.7135	0
3167.237	61.80303	109.2953	226.3859	1	7.7382	0	85.8656	0
3167.362	61.52029	108.7342	225.792	1	10.6597	0	83.4486	0
3167.487	61.0549	107.7096	225.3194	1	13.1351	0	81.5278	0
3167.612	60.49769	106.3293	225.0453	1	14.5349	0	80.6535	0
3167.737	59.93697	104.6749	225.003	1	15.1516	0.0117	80.4654	0
3167.862	59.46299	102.9043	225.2002	1	15.7588	0.2147	79.9836	0
3167.987	59.1585	101.2485	225.6189	1	16.4466	0.0247	79.7025	0
3168.112	59.10421	100.1145	226.2212	1	16.7521	0	79.4486	0
3168.237	59.27395	99.89745	226.8729	1	16.6386	0	79.4251	0
3168.362	59.53674	100.3913	227.4189	1	16.151	0	79.6717	0
3168.487	59.81555	101.3127	227.7432	1	15.1454	0	80.4027	0
3168.612	60.05047	102.3221	227.7553	1	14.0101	0	81.2991	0
3168.737	60.20299	103.0722	227.4004	1	13.3991	0	81.7791	0
3168.862	60.23137	103.1882	226.6489	1	13.524	0	81.659	0
3168.987	60.14378	102.8092	225.7643	1	14.0195	0	81.278	0
3169.112	59.95106	102.144	224.9758	1	14.3318	0.1119	81.0369	0
3169.237	59.67603	101.3722	224.4713	1	14.1333	1.4936	79.9506	0
3169.362	59.35739	100.6525	224.3845	1	13.3735	2.673	79.5721	0
3169.487	59.05974	100.1074	224.7749	1	12.1872	3.0932	80.3384	0
3169.612	58.87389	99.7393	225.4006	1	10.93	3.235	81.4357	0
3169.737	58.81787	99.47123	225.8574	1	9.8319	3.3843	82.3392	0
3169.862	58.88921	99.30915	225.9512	1	9.0071	2.9775	83.4923	0
3169.987	59.06301	99.28917	225.617	1	8.5916	1.9366	84.8677	0
3170.112	59.2948	99.46346	224.9276	1	8.5823	0.6804	86.0588	0
3170.237	59.522	99.85625	224.1689	1	8.5646	0.057	86.5818	0
3170.362	59.71626	100.244	223.677	1	8.4387	0	86.6207	0
3170.487	59.89135	100.484	223.48	1	8.0795	0	86.8274	0
3170.612	60.05753	100.5501	223.5017	1	7.261	0	87.4563	0
3170.737	60.22011	100.504	223.6113	1	5.9655	0.0005	88.5239	0
3170.862	60.37431	100.5154	223.6492	1	4.7142	0.1085	89.445	0
3170.987	60.4932	100.7361	223.5079	1	4.0005	0.0199	90.1114	0
3171.112	60.56667	100.974	223.2881	1	3.9219	0.0008	90.1576	0
3171.237	60.56963	101.0284	223.0638	1	4.2092	0	89.9172	0
3171.362	60.48252	100.7751	222.8864	1	4.7254	0	89.5394	0
3171.487	60.29786	100.1966	222.779	1	5.6881	0	88.8112	0
3171.612	60.04097	99.51318	222.7206	1	7.2241	0	87.5856	0
3171.737	59.80887	99.16197	222.6428	1	9.033	0	86.0954	0
3171.862	59.638	99.2515	222.5164	1	10.5398	0	84.8244	0
3171.987	59.51062	99.70791	222.3377	1	11.6817	0	83.8639	0
3172.112	59.39072	100.3581	222.1181	1	12.7556	0	82.9772	0
3172.237	59.23569	100.9598	221.8828	1	14.0679	0	81.8986	0
3172.362	59.02295	101.3481	221.6813	1	15.4086	0	80.817	0
3172.487	58.81564	101.6898	221.5405	1	16.5959	0	79.8735	0
3172.612	58.63705	102.0422	221.4769	1	17.7214	0.0082	78.9473	0
3172.737	58.50009	102.3858	221.504	1	18.8284	0.3444	77.6616	0
3172.862	58.41404	102.636	221.631	1	19.7837	1.4337	75.6807	0
3172.987	58.41273	102.5956	221.8733	1	20.5785	2.7162	73.5963	0
3173.112	58.54362	102.218	222.2088	1	21.5584	3.0635	72.2557	0
3173.237	58.79631	101.6635	222.586	1	22.8344	2.3723	71.6522	0
3173.362	59.14527	101.0539	222.9754	1	23.9765	1.7893	70.9944	0
3173.487	59.55201	100.4898	223.3568	1	24.7407	1.5072	70.3366	0
3173.612	59.9707	100.0321	223.7227	4	25.4261	0.5676	70.4659	0
3173.737	60.32873	99.71056	224.0748	4	26.1811	0.048	70.1311	0
3173.862	60.58488	99.48512	224.3864	4	26.4353	0	69.8033	0
3173.987	60.71596	99.30927	224.5891	4	25.1158	0	70.911	0
3174.112	60.71956	99.16548	224.6026	1	22.0394	0	73.6311	0
3174.237	60.61699	99.06273	224.349	1	17.7713	0.5544	76.9306	0
3174.362	60.46476	99.06215	223.745	1	13.9206	1.0457	79.9558	0
3174.487	60.39443	99.29511	222.84	1	11.5674	1.0726	82.092	0
3174.612	60.4608	99.74644	221.8773	1	10.5941	0.935	83.0727	0
3174.737	60.66319	100.3333	221.0577	1	10.2496	0.6074	83.5825	0
3174.862	60.97222	100.9229	220.5646	1	10.3458	0.2248	83.6893	0
3174.987	61.33454	101.3483	220.5423	1	11.1198	0.0192	82.9687	0
3175.112	61.6595	101.369	221.1141	1	12.4234	0	81.5887	0
3175.237	61.87733	101.0934	221.9941	1	13.925	0	80.0757	0
3175.362	61.96426	100.7003	222.9314	1	15.1193	0	78.9622	0
3175.487	61.91832	100.2969	223.7535	1	15.817	0	78.3951	0
3175.612	61.75975	99.93968	224.3436	1	16.0341	0	78.3254	0
3175.737	61.53477	99.6116	224.6522	1	16.0508	0	78.458	0
3175.862	61.34362	99.3041	224.742	1	15.9349	0	78.6879	0
3175.987	61.24796	99.08459	224.7574	1	15.349	0	79.2741	0
3176.112	61.27268	99.00343	224.7415	1	14.1182	0	80.3435	0
3176.237	61.42672	99.07636	224.7105	1	12.7804	0	81.4179	0
3176.362	61.70485	99.28251	224.6593	1	11.7812	0	82.1018	0
3176.487	62.10471	99.55802	224.5647	1	11.0688	0	82.4599	0
3176.612	62.56279	99.8838	224.4494	1	10.5412	0	82.6108	0
3176.737	63.01751	100.279	224.3576	1	9.8521	0	82.916	0
3176.862	63.42818	100.7257	224.3163	1	8.8129	0	83.5855	0
3176.987	63.7614	101.1834	224.3316	1	7.6651	0	84.4184	0
3177.112	63.98959	101.5896	224.3782	1	7.024	0	84.8736	0
3177.237	64.05032	101.8998	224.358	1	6.9735	0	84.8928	0
3177.362	63.93945	102.2242	224.2254	1	7.2156	0	84.7767	0
3177.487	63.64843	102.6335	223.9828	1	7.3792	0	84.888	0
3177.612	63.19813	103.1281	223.6505	1	7.3273	0	85.2946	0
3177.737	62.63412	103.6363	223.2577	1	7.2388	0	85.7902	0
3177.862	62.02265	103.9405	222.8192	1	7.5865	0.074	85.8044	0
3177.987	61.42469	103.7929	222.3059	1	8.4264	0.0086	85.4295	0
3178.112	60.85515	103.2617	221.6776	1	9.7094	0	84.5968	0
3178.237	60.32885	102.5137	220.9021	1	11.5876	0.4222	82.7713	0
3178.362	59.85844	101.7645	219.9707	1	14.1819	1.4169	79.6903	0
3178.487	59.45168	101.2416	218.9064	1	17.874	2.8671	75.1519	0
3178.612	59.08511	101.1375	217.8351	1	22.7495	2.8608	71.1401	0
3178.737	58.70967	101.1964	216.9488	1	28.3245	0.2956	69.0942	0
3178.862	58.34118	101.2586	216.3573	1	33.6285	0	64.8002	0
3178.987	58.04038	101.2103	216.1279	2	37.9977	0	60.9134	0
3179.112	57.89631	100.9911	216.2909	2	41.4646	0	58.3375	0
3179.237	58.04625	100.6262	216.8846	2	43.9829	0	55.9171	0
3179.362	58.54433	100.3564	217.9279	2	45.008	0	54.892	0
3179.487	59.27615	100.4055	219.3399	2	43.2736	0	56.6264	0
3179.612	60.16224	100.8888	221.0425	1	37.3216	0	60.3568	0
3179.737	61.12064	101.8065	222.8995	4	27.2994	0	68.5525	0
3179.862	62.07338	103.0276	224.7194	1	16.6752	0	77.3318	0
3179.987	62.91262	104.1387	226.1551	1	9.7086	0	83.0678	0
3180.112	63.57687	104.7562	227.1061	1	6.7093	0	85.3302	0
3180.237	64.00449	104.8286	227.6021	1	5.7632	0	85.9503	0
3180.362	64.13033	104.4252	227.6679	3	4.9423	0	86.7053	0
3180.487	63.90528	103.6881	227.3245	3	3.7751	0	88.0329	0
3180.612	63.29069	102.7785	226.5292	3	2.6908	0	89.5157	0
3180.737	62.38233	101.8465	225.2345	3	2.0492	0	90.7586	0
3180.862	61.43573	101.0426	223.7072	3	2.1319	0	91.3749	0
3180.987	60.60207	100.5192	222.2441	3	3.2567	0	90.9018	0
3181.112	59.99394	100.3735	221.1821	1	5.4591	0.051	89.1902	0
3181.237	59.6788	100.6138	220.8602	1	8.1125	0.0059	86.9527	0
3181.362	59.72712	100.9833	221.7187	1	10.2142	0	84.9641	0
3181.487	60.07621	101.0125	223.4798	1	11.3033	0	83.6966	0
3181.612	60.65154	100.6296	225.6623	1	11.5047	0	83.0504	0
3181.737	61.36717	99.98354	227.839	1	11.2106	0	82.7881	0
3181.862	62.11284	99.33044	229.6122	1	10.8166	0	82.6498	0
3181.987	62.74759	98.99038	230.6405	1	10.6967	0	82.3707	0
3182.112	63.09829	99.11759	230.7769	1	10.9547	0	81.9055	0
3182.237	63.22847	99.39268	230.4964	1	11.5509	0	81.3039	0
3182.362	63.2114	99.66689	230.0137	1	12.208	0	80.7501	0
3182.487	63.12897	99.88492	229.413	1	12.5015	0	80.5392	0
3182.612	63.064	100.0804	228.6457	1	12.4547	0	80.5971	0
3182.737	63.11338	100.4075	227.4085	1	12.3143	0	80.6567	0
3182.862	63.35434	101.0233	225.6734	1	12.1036	0	80.6608	0
3182.987	63.78888	101.8959	223.9261	1	11.7579	0	80.6208	0
3183.112	64.38151	102.9347	222.7041	1	11.4587	0	80.435	0
3183.237	65.0491	103.9963	222.482	1	11.5774	0	79.8728	0
3183.362	65.65639	104.8915	223.565	1	12.2041	0	78.9494	0
3183.487	65.95685	105.2992	225.7489	1	12.8397	0	78.1894	0
3183.612	65.97107	105.2408	227.7944	1	12.7982	0	78.2527	0
3183.737	65.75905	104.7788	229.0683	1	11.5973	0	79.5434	0
3183.862	65.39611	104.0175	229.2202	1	9.8553	0	81.401	0
3183.987	64.95752	103.0954	228.1951	1	8.323	0	83.1088	0
3184.112	64.48557	102.2136	226.3132	3	7.1706	0	84.4992	0
3184.237	63.9707	101.5626	224.642	3	6.2722	0	85.6888	0
3184.362	63.40159	101.1001	223.9616	3	5.9424	0	86.4097	0
3184.487	62.78299	100.7728	224.6353	1	6.0515	0	86.769	0
3184.612	62.14254	100.5229	226.7159	1	6.1608	0	87.1221	0
3184.737	61.53385	100.302	229.9154	1	6.1141	0	87.5474	0
3184.862	61.14327	100.1428	233.3465	1	6.3469	0	87.5735	0
3184.987	61.0801	100.0484	235.9777	1	7.0831	0	86.9146	0
3185.112	61.34471	99.98016	237.4951	1	8.221	0	85.598	0
3185.237	61.86443	99.89423	237.8531	1	9.2702	0	84.2217	0
3185.362	62.50887	99.75959	237.2157	1	9.9518	0	83.1663	0
3185.487	63.07885	99.59547	235.9027	1	10.3045	0	82.4974	0
3185.612	63.37307	99.53984	234.4225	1	10.3906	0	82.2312	0
3185.737	63.41997	99.59048	233.1074	1	9.9774	0	82.6183	0
3185.862	63.2718	99.71563	232.1069	1	8.8658	0	83.7791	0
3185.987	62.99836	99.86336	231.5118	1	7.2277	0	85.4778	0
3186.112	62.67764	99.97557	231.3571	1	5.4267	0	87.3278	0
3186.237	62.41625	100.09	231.6747	1	3.9823	0	88.8118	0
3186.362	62.27127	100.3263	232.2546	1	3.037	0	89.7665	0
3186.487	62.23924	100.705	232.9493	1	2.5507	0	90.2017	0
3186.612	62.2996	101.2022	233.649	3	2.4062	0	90.2684	0
3186.737	62.41943	101.7492	234.2535	3	2.5486	0	90.0478	0
3186.862	62.55788	102.2088	234.6525	3	2.8339	0	89.6965	0
3186.987	62.66373	102.473	234.6353	3	3.2016	0	89.2905	0
3187.112	62.722	102.569	234.1315	1	3.6617	0	88.8381	0
3187.237	62.74026	102.507	233.0937	1	4.3589	0	88.2013	0
3187.362	62.73711	102.2931	231.5683	1	5.5367	0	87.1325	0
3187.487	62.73904	101.9335	229.7037	1	7.7438	0	85.1138	0
3187.612	62.78382	101.4568	227.8796	1	10.9049	0	82.2045	0
3187.737	62.85998	101.0821	226.61	1	14.0982	0	79.2467	0
3187.862	62.9228	100.9751	226.0464	1	16.2093	0	77.2888	0
3187.987	62.92635	101.2035	226.1621	1	17.1599	0	76.4474	0
3188.112	62.82996	101.7235	226.7936	1	17.1556	0	76.5557	0
3188.237	62.60276	102.3392	227.6503	1	16.6331	0	77.2128	0
3188.362	62.26365	102.622	228.329	1	16.241	0	77.8026	0
3188.487	61.93356	102.5739	228.7731	1	15.9985	0	78.2541	0
3188.612	61.70349	102.3454	229.0673	1	15.015	0	79.2748	0
3188.737	61.64532	102.0946	229.2952	1	12.9524	0	81.1323	0
3188.862	61.80095	101.9481	229.5144	1	10.1981	0	83.479	0
3188.987	62.16398	101.9075	229.6732	1	7.4617	0	85.7081	0
3189.112	62.57428	101.825	229.6102	1	4.9249	0	87.7231	0
3189.237	62.8988	101.7285	229.2774	3	2.951	0	89.3051	0
3189.362	63.08251	101.6939	228.6646	3	1.8616	0	90.2088	0
3189.487	63.11814	101.7886	227.7883	3	1.7124	0	90.3481	0
3189.612	63.05101	102.0459	226.6858	1	2.5464	0	89.6213	0
3189.737	63.03952	102.4413	225.4472	1	4.0766	0	88.2119	0
3189.862	63.22915	102.937	224.375	1	6.0132	0	86.2932	0
3189.987	63.67897	103.6004	223.7325	1	8.1549	0	83.9492	0
3190.112	64.40671	104.456	223.6998	1	10.4036	0	81.3123	0
3190.237	65.38385	105.4689	224.3383	1	12.5451	0	78.6427	0
3190.362	66.5146	106.4707	225.5066	1	13.8845	0	76.6721	0
3190.487	67.49065	107.0572	226.5738	1	13.8395	0	76.0578	0
3190.612	68.04137	107.0302	227.1076	1	12.5423	0	76.924	0
3190.737	68.00691	106.3529	226.9932	1	10.7376	0	78.7581	0
3190.862	67.34241	105.1173	226.2996	1	8.3036	0	81.5866	0
3190.987	66.13741	103.5378	225.2677	1	4.9938	0	85.4707	0
3191.112	64.75404	102.0186	224.3561	3	2.0109	0	89.046	0
3191.237	63.71298	100.8345	223.8148	3	0.3631	0	91.2048	0
3191.362	63.17814	99.99609	223.5934	3	0.1549	0	91.6769	0
3191.487	63.15869	99.44215	223.5904	3	0.6138	0	91.2052	0
3191.612	63.54963	99.08244	223.6884	3	1.4735	0	90.0973	0
3191.737	64.14651	98.86295	223.8085	3	2.8422	0	88.452	0
3191.862	64.65322	98.92828	224.0304	3	4.6329	0	86.4864	0
3191.987	64.92638	99.32682	224.4473	1	6.5111	0	84.6318	0
3192.112	64.90842	100.0366	225.0884	1	8.0862	0	83.307	0
3192.237	64.58919	100.9616	225.9336	1	8.8597	0	82.9147	0
3192.362	64.00574	101.9496	226.9166	1	8.6965	0	83.5151	0
3192.487	63.26133	102.8586	227.9108	1	8.1236	0	84.548	0
3192.612	62.54917	103.7346	228.7522	1	7.6466	0	85.4478	0
3192.737	61.92451	104.6028	229.3345	1	7.3742	0.0901	86.0242	0
3192.862	61.39092	105.3502	229.5816	1	7.1845	0.2794	86.3636	0
3192.987	60.94569	105.7736	229.4633	1	6.9099	0.4956	86.6689	0
3193.112	60.61704	105.5474	229.0063	1	6.685	0.5652	86.9568	0
3193.237	60.66862	104.6541	228.3999	1	6.8187	0.0594	87.2992	0
3193.362	61.34076	103.9901	227.9005	1	7.6708	0	86.0108	0
3193.487	62.80069	104.3135	227.6093	1	9.2304	0	83.3088	0
3193.612	65.07858	106.1499	227.5629	1	10.904	0	79.9504	0
3193.737	68.05014	109.654	227.7363	1	11.9624	0	76.8261	0
3193.862	71.30614	114.0296	228.0407	1	12.3536	0	75.9965	0
3193.987	74.01647	116.7679	228.3027	3	12.2025	0	76.0903	0
3194.112	75.68917	116.8001	228.4302	3	11.7245	0	76.4862	0
3194.237	76.05116	114.2976	228.3797	3	11.3327	0	76.7008	0
3194.362	75.01292	110.1828	228.1333	3	11.2783	0	76.5637	0
3194.487	72.67854	106.0168	227.6944	3	11.4871	0	76.5377	0
3194.612	69.35949	103.6914	227.0197	3	11.8845	0	77.462	0
3194.737	65.94324	102.6189	226.1478	1	12.8061	0	78.9663	0
3194.862	62.85159	102.0449	225.0994	1	14.3711	0	79.5988	0
3194.987	60.38591	101.4778	223.9382	1	15.7642	0	79.8369	0
3195.112	58.71608	100.7226	222.7681	1	16.2801	0	80.3208	0
3195.237	57.91466	100.0794	221.7866	1	15.8405	5.8345	74.9658	0
3195.362	57.68403	99.78012	221.2167	1	14.8907	6.3264	75.3861	0
3195.487	57.67998	99.61704	221.0957	1	13.9535	5.9921	76.5505	0
3195.612	57.78049	99.5125	221.4479	1	13.2679	5.8213	77.2982	0
3195.737	57.94456	99.46276	222.2655	1	12.7622	5.3787	78.1019	0
3195.862	58.20954	99.54617	223.5114	1	12.1912	4.4837	79.3218	0
3195.987	58.71141	99.9342	225.1407	1	11.4111	3.2669	80.9381	0
3196.112	59.39889	100.5238	226.8375	1	10.6506	2.0192	82.4542	0
3196.237	60.15184	101.1378	228.3308	1	10.1377	1.0619	83.421	0
3196.362	60.85455	101.6188	229.3541	1	9.7392	0.4877	83.9584	0
3196.487	61.40944	101.8432	229.6758	1	9.1927	0.1777	84.4405	0
3196.612	61.75631	101.7349	229.0787	1	8.4283	0.0154	85.1553	0
3196.737	61.90543	101.4122	227.7583	1	7.649	0	85.7962	0
3196.862	61.88419	101.0778	226.3277	1	6.991	0	86.442	0
3196.987	61.68256	100.8286	225.1665	1	6.5979	0	86.9974	0
3197.112	61.31143	100.7197	224.5111	1	6.8811	0	87.0457	0
3197.237	60.81308	100.7607	224.4135	1	8.4645	0	85.9491	0
3197.362	60.33776	100.8683	224.5807	1	10.6531	0	84.2589	0
3197.487	60.05059	100.9219	224.4373	1	12.0795	0	83.1442	0
3197.612	59.9735	100.8797	223.837	1	11.8332	0	83.3669	0
3197.737	60.08616	100.7145	222.8772	1	10.5903	0.185	84.1772	0
3197.862	60.34509	100.4211	221.8329	1	8.8768	0.626	85.0377	0
3197.987	60.70598	100.0299	221.1935	1	7.043	0.5472	86.4877	0
3198.112	61.11356	99.69876	221.6209	1	5.6153	0.0554	87.9673	0
3198.237	61.46987	99.62505	222.981	1	4.9017	0	88.3816	0
3198.362	61.70403	99.88032	225.019	1	4.6217	0	88.4766	0
3198.487	61.77825	100.4245	227.3844	1	4.3452	0	88.7232	0
3198.612	61.6984	101.1091	229.6812	1	4.0678	0	89.087	0
3198.737	61.58399	101.5986	231.4553	1	3.8582	0.1	89.3234	0
3198.862	61.62188	101.6713	232.6332	1	3.6091	0.0116	89.6559	0
3198.987	61.83544	101.4291	233.3649	1	3.3044	0	89.7507	0
3199.112	62.17452	101.0031	233.7667	1	2.9663	0	89.7908	0
3199.237	62.54942	100.5604	233.9547	3	2.5934	0	89.8831	0
3199.362	62.84436	100.2985	234.0278	3	2.3302	0	89.9578	0
3199.487	62.92847	100.509	234.0635	3	2.2187	0	90.0142	0
3199.612	62.83604	101.0517	234.0942	3	2.3097	0	90.0237	0
3199.737	62.5942	101.6646	234.098	3	2.6052	0	89.9692	0
3199.862	62.23118	102.0517	234.0422	1	2.9143	0	89.98	0
3199.987	61.77766	101.9694	233.8917	1	3.055	0	90.1922	0
3200.112	61.27446	101.4459	233.6096	1	3.2212	0	90.3945	0
3200.237	60.81645	101.2425	233.2137	1	3.7288	0.0688	90.1788	0
3200.362	60.49164	101.8041	232.726	1	4.7311	0.0484	89.4895	0
3200.487	60.4081	103.1324	232.1482	1	5.8908	0.0047	88.4507	0
3200.612	60.69162	104.9814	231.4944	1	6.6819	0	87.3794	0
3200.737	61.48293	106.8983	230.7986	1	7.1473	0	86.2092	0
3200.862	63.03394	108.5551	230.2012	1	8.046	0	84.2458	0
3200.987	65.03396	110.2563	229.8198	1	9.7059	0	81.2575	0
3201.112	67.19588	112.1941	229.7019	1	11.365	0	78.2047	0
3201.237	69.21618	114.3363	229.8515	1	12.5041	0	75.9701	0
3201.362	70.80224	116.453	230.2344	1	13.2115	0	75.2543	0
3201.487	71.63508	117.9758	230.7857	1	13.4528	0	75.0542	0
3201.612	71.60606	118.284	231.3733	1	12.8195	0	75.5792	0
3201.737	70.95431	117.4329	231.8847	1	11.1511	0	76.9606	0
3201.862	69.84398	115.6189	232.2345	1	9.2613	0	78.9497	0
3201.987	68.46773	113.1474	232.3385	1	7.6876	0	81.2654	0
3202.112	67.0338	110.3877	232.115	1	6.6239	0	83.2355	0
3202.237	65.79856	107.8106	231.3734	1	6.0711	0	84.6508	0
3202.362	64.8205	105.625	230.1795	1	6.1815	0	85.2393	0
3202.487	64.05765	103.8045	228.6666	1	6.634	0	85.323	0
3202.612	63.45393	102.3267	227.0244	1	6.828	0	85.5495	0
3202.737	62.94316	101.1689	225.4877	1	6.5729	0	86.1426	0
3202.862	62.46259	100.3483	224.3627	1	6.2083	0	86.8062	0
3202.987	61.97267	99.9253	223.8898	1	5.7852	0	87.4817	0
3203.112	61.49934	99.77919	223.8549	1	5.2698	0	88.2304	0
3203.237	61.08202	99.84249	224.0771	1	4.9411	0	88.7349	0
3203.362	60.75583	100.0163	224.3924	1	5.214	0	88.593	0
3203.487	60.54585	100.1768	224.6829	1	6.2893	0	87.6432	0
3203.612	60.47276	100.1687	224.9836	1	7.8619	0	86.2163	0
3203.737	60.4923	100.0621	225.5039	1	9.4988	0	84.7329	0
3203.862	60.58155	100.0034	226.3448	1	10.7384	0	83.5972	0
3203.987	60.737	100.1134	227.4953	1	11.5141	0	82.8558	0
3204.112	60.96028	100.474	228.8437	1	11.8422	0.3839	82.088	0
3204.237	61.25638	101.1025	230.1482	1	11.4462	0.1911	82.5124	0
3204.362	61.60929	101.9002	230.9055	1	10.3469	0.017	83.4723	0
3204.487	61.95317	102.6851	230.9353	1	8.8779	0	84.5854	0
3204.612	62.22353	103.3896	230.1695	1	7.6049	0	85.5785	0
3204.737	62.35263	103.952	228.636	1	6.7923	0	86.2835	0
3204.862	62.27321	104.3191	226.4519	1	6.4267	0	86.7574	0
3204.987	61.86541	104.4262	223.8097	1	6.154	0	87.3538	0
3205.112	61.11213	104.1877	221.1375	1	5.7857	0	88.2577	0
3205.237	60.09217	103.5597	218.743	1	5.4764	0.6594	88.6279	0
3205.362	58.8827	102.6022	216.8463	1	5.4887	2.7754	87.29	0
3205.487	57.57779	101.4678	215.6106	3	5.7301	6.1217	84.5059	0
3205.612	56.28028	100.4033	215.1346	2	5.8966	10.691	80.4877	0
3205.737	55.1693	99.86652	215.5013	2	5.9612	15.9831	75.7023	0
3205.862	54.35877	99.76665	216.2768	2	5.949	20.4536	71.6318	0
3205.987	53.93667	99.91738	217.2548	2	5.7707	21.5373	70.8882	0
3206.112	53.94416	100.0931	218.2739	2	5.4663	18.8258	73.8762	0
3206.237	54.36775	100.0857	219.2227	2	5.5219	14.1998	78.2465	0
3206.362	55.12169	99.81151	220.0406	2	6.6576	10.2808	80.7152	0
3206.487	55.95745	99.51657	220.7084	2	8.7895	7.8803	80.6351	0
3206.612	56.73276	99.32924	221.1914	2	10.7975	6.5013	79.6663	0
3206.737	57.40544	99.27982	221.4398	1	11.7393	5.4152	79.4676	0
3206.862	57.96153	99.33471	221.4352	1	11.5846	4.4869	80.1979	0
3206.987	58.40435	99.39792	221.2076	1	10.767	3.7223	81.458	0
3207.112	58.68272	99.38847	220.916	1	9.982	3.164	82.5763	0
3207.237	58.81527	99.38791	220.7647	1	9.6112	2.9244	83.087	0
3207.362	58.82635	99.43462	220.7748	1	9.7613	3.0405	82.8479	0
3207.487	58.75349	99.5113	220.8914	1	10.2773	3.2201	82.256	0
3207.612	58.64249	99.5582	221.0165	1	11.0125	3.2418	81.6472	0
3207.737	58.54341	99.45297	221.0308	1	11.8925	3.1319	81.0271	0
3207.862	58.50203	99.1991	220.9777	1	12.7769	3.0987	80.2795	0
3207.987	58.53393	98.93125	221.0606	1	13.5739	3.0277	79.5876	0
3208.112	58.66477	98.78741	221.4263	1	14.3623	2.4408	79.3623	0
3208.237	58.91845	98.88952	222.1553	1	14.9759	1.1848	79.908	0
3208.362	59.31398	99.3241	223.2425	1	15.0931	0.1089	80.6208	0
3208.487	59.87165	100.156	224.5255	1	14.8448	0	80.5646	0
3208.612	60.49938	101.2304	225.6462	1	14.6358	0	80.3075	0
3208.737	61.10956	102.3697	226.4181	1	14.8079	0	79.7305	0
3208.862	61.63288	103.426	226.7538	1	14.9896	0	79.2338	0
3208.987	62.01551	104.2715	226.6586	1	14.9162	0	79.0798	0
3209.112	62.21834	104.793	226.2468	1	14.5895	0	79.2668	0
3209.237	62.24981	104.9234	225.8915	1	13.9413	0	79.84	0
3209.362	62.20326	104.7762	225.9046	1	12.8821	0	80.8489	0
3209.487	62.14225	104.4409	226.3985	1	11.4464	0	82.1945	0
3209.612	62.13128	104.0288	227.358	1	9.8789	0.0104	83.5652	0
3209.737	62.22934	103.6642	228.6443	1	8.2561	0.0012	84.9466	0
3209.862	62.49091	103.5246	229.9136	1	6.6704	0	86.2074	0
3209.987	62.8322	103.6418	230.7762	1	5.3036	0	87.2019	0
3210.112	63.13717	103.9376	231.1426	1	4.4188	0	87.8001	0
3210.237	63.31447	104.3356	231.0188	1	3.8869	0	88.2085	0
3210.362	63.29339	104.7462	230.4774	1	3.5913	0	88.5622	0
3210.487	63.02922	105.0648	229.6358	1	3.5296	0	88.8696	0
3210.612	62.48777	105.1523	228.6369	1	3.9814	0	88.862	0
3210.737	61.79043	105.0159	227.6513	1	5.5866	0	87.9271	0
3210.862	61.01882	104.7214	226.7766	1	8.5595	0	85.7829	0
3210.987	60.25891	104.3505	226.0952	1	12.3686	0.954	81.792	0
3211.112	59.59126	103.9844	225.666	1	16.1985	2.4609	77.023	0
3211.237	59.09389	103.6818	225.5322	1	19.3635	1.2712	75.4999	0
3211.362	58.73275	103.377	225.5991	4	21.0564	0.1159	75.2515	0
3211.487	58.45944	103.0229	225.7944	2	21.0352	0	75.4442	0
3211.612	58.28367	102.6501	226.1251	2	20.3214	0	76.1127	0
3211.737	58.24167	102.3237	226.6104	2	19.6448	0	76.6965	0
3211.862	58.39384	102.1332	227.268	4	19.006	0	77.1188	0
3211.987	58.83961	102.3508	227.9785	2	18.7041	0	77.0755	0
3212.112	59.43458	103.0157	228.4403	2	19.5146	0	75.9068	0
3212.237	60.07953	104.0822	228.4984	4	21.6408	0	73.6231	0
3212.362	60.69881	105.4259	228.1367	4	24.516	0	70.7903	0
3212.487	61.2477	106.8742	227.4736	4	27.6017	0	67.8434	0
3212.612	61.73524	108.2251	226.8404	4	30.9556	0	64.7024	0
3212.737	62.23365	109.4597	226.7165	4	34.3163	0	61.557	0
3212.862	62.77309	110.7616	227.1623	4	37.0221	0	58.9528	0
3212.987	63.35767	112.2563	228.0837	4	38.9159	0	57.0304	0
3213.112	63.98369	114.0026	229.278	4	40.3464	0	59.142	0
3213.237	64.64364	115.972	230.4565	4	41.616	0	58.284	0
3213.362	65.33858	118.0198	231.1269	4	43.2078	0	56.6922	0
3213.487	66.0266	119.931	231.1608	4	44.7511	0	55.1489	0
3213.612	66.64895	121.5645	230.698	4	45.4895	0	54.4105	0
3213.737	67.14039	122.7463	229.9931	4	45.0634	0	54.8366	0
3213.862	67.43117	123.2787	229.3793	4	43.761	0	56.139	0
3213.987	67.42001	122.8512	229.2832	4	42.5158	0	57.3842	0
3214.112	66.99915	121.196	229.961	4	41.8857	0	58.0143	0
3214.237	66.24609	118.6976	231.0158	4	41.6136	0	58.2864	0
3214.362	65.23356	115.7179	232.0625	4	41.078	0	58.822	0
3214.487	64.0639	112.6622	232.7336	4	39.132	0	57.1138	0
3214.612	62.85796	109.9288	232.7315	4	34.2951	0	61.4673	0
3214.737	61.75091	107.9057	231.8643	4	27.5312	0	67.9741	0
3214.862	60.77531	106.4107	230.611	2	21.1438	0	74.1669	0
3214.987	59.9162	105.2571	229.3831	2	16.8677	0.2348	78.3996	0
3215.112	59.19366	104.4025	228.4232	2	14.2138	2.4854	79.026	0
3215.237	58.64813	103.8602	227.8563	2	12.5647	4.0146	79.3272	0
3215.362	58.35672	103.7048	227.6674	2	11.6373	4.4312	79.9362	0
3215.487	58.41615	103.9633	227.6639	1	11.2622	3.7197	81.0067	0
3215.612	58.72195	104.3491	227.669	1	11.5269	2.3385	81.9824	0
3215.737	59.2048	104.6933	227.6718	1	12.5486	0.798	82.2985	0
3215.862	59.79576	104.8947	227.6857	1	13.9429	0.0662	81.3671	0
3215.987	60.43054	104.9191	227.733	1	14.6695	0	80.3326	0
3216.112	61.04201	104.7577	227.8045	1	13.9836	0	80.543	0
3216.237	61.5632	104.4711	227.8526	1	12.116	0	81.8849	0
3216.362	61.9628	104.1995	227.8852	1	9.9615	0	83.5922	0
3216.487	62.2278	104.0958	227.9282	1	8.1811	0	85.062	0
3216.612	62.36432	104.2807	228.0028	1	6.798	0	86.2509	0
3216.737	62.39817	104.8039	228.1132	1	5.527	0	87.4019	0
3216.862	62.33942	105.3685	228.2039	1	4.3112	0	88.5562	0
3216.987	62.20888	105.5409	228.2494	1	3.2919	0	89.5872	0
3217.112	62.00127	105.2146	228.2717	1	2.7272	0	90.2734	0
3217.237	61.71901	104.4919	228.2884	1	2.5533	0	90.6566	0
3217.362	61.37238	103.6448	228.3005	1	2.6266	0	90.8525	0
3217.487	60.98048	103.1724	228.2375	1	2.8343	0	90.9454	0
3217.612	60.59108	103.3482	227.9493	3	3.3841	0	90.7237	0
3217.737	60.23974	103.9353	227.4191	1	4.5677	0.5047	89.34	0
3217.862	59.95654	104.6906	226.7191	1	6.3495	1.1718	87.1647	0
3217.987	59.76789	105.367	225.9935	1	8.5319	1.6779	84.7101	0
3218.112	59.69458	105.7532	225.4491	1	10.9362	1.8755	82.2817	0
3218.237	59.74445	105.6449	225.4515	1	13.0924	1.1799	80.9075	0
3218.362	59.82938	105.2071	225.918	1	14.6858	0.1141	80.3603	0
3218.487	59.91355	104.5559	226.6321	4	15.2623	0	79.7411	0
3218.612	59.98373	103.7823	227.3439	4	14.8184	0	79.9571	0
3218.737	60.0405	102.963	227.8097	4	13.3244	0	81.1726	0
3218.862	60.09169	102.1634	227.8304	4	11.0896	0	83.1072	0
3218.987	60.13667	101.5063	227.5184	2	8.7753	0	85.1595	0
3219.112	60.16509	101.104	227.1714	2	7.2306	0	86.5712	0
3219.237	60.17287	101.0565	226.9267	2	6.6454	0	87.1846	0
3219.362	60.16002	101.3885	226.8504	1	6.6483	0	87.3426	0
3219.487	60.13	102.0286	226.9357	1	7.0536	0	87.203	0
3219.612	60.09448	102.6744	227.1272	1	7.6226	0.8363	86.0578	0
3219.737	60.0584	102.9754	227.3607	1	7.8274	1.0466	85.8227	0
3219.862	60.03008	102.8752	227.6174	1	7.2528	0.5888	86.8859	0
3219.987	60.00173	102.4342	227.8686	1	6.6023	0.5247	87.574	0
3220.112	59.95162	101.7842	228.0768	1	6.4918	0.5782	87.6741	0
3220.237	59.8326	101.1006	228.1891	1	6.9699	0.4635	87.4705	0
3220.362	59.61218	100.5569	228.1778	1	7.7468	0.1693	87.2388	0
3220.487	59.34476	100.1517	228.1079	1	8.396	0.0142	87.0096	0
3220.612	59.08506	99.88391	228.0177	1	8.756	0	86.8715	0
3220.737	58.88312	99.74069	227.935	1	8.9152	0	86.8422	0
3220.862	58.78093	99.70119	227.8755	1	9.1023	0	86.7014	0
3220.987	58.84802	99.76214	227.8564	1	9.2748	0	86.4659	0
3221.112	59.11101	100.0249	227.9078	1	9.5575	0	86.0029	0
3221.237	59.56831	100.64	228.0478	1	10.0421	0	85.1847	0
3221.362	60.2047	101.7222	228.2654	1	10.5443	0	84.2255	0
3221.487	60.97977	103.2885	228.5175	1	10.7357	0	83.4805	0
3221.612	61.82443	105.1973	228.718	1	10.8595	0	82.7752	0
3221.737	62.64036	106.8877	228.6935	1	11.7618	0	81.3854	0
3221.862	63.35952	108.0332	228.4476	1	14.4463	0	78.4517	0
3221.987	63.93302	108.6447	228.0474	1	18.8926	0	74.0596	0
3222.112	64.31991	108.8633	227.6038	4	23.2466	0	70.0625	0
3222.237	64.49385	108.9073	227.2561	4	25.2966	0	68.1223	0
3222.362	64.4389	108.9739	227.2003	4	24.9769	0	68.3073	0
3222.487	64.28679	109.0483	227.4912	4	23.0172	0	70.0082	0
3222.612	64.18344	109.07	228.0008	4	19.7305	0	72.8957	0
3222.737	64.22775	109.0462	228.5969	4	16.0737	0	76.1947	0
3222.862	64.4885	109.026	229.1365	1	12.8137	0	79.0073	0
3222.987	64.99457	109.0984	229.4845	1	10.2882	0	81.0085	0
3223.112	65.73367	109.3647	229.499	1	8.63	0	82.0104	0
3223.237	66.51962	109.7944	229.3218	1	8.007	0	82.0054	0
3223.362	67.25375	110.3616	229.0557	1	8.3441	0	81.1995	0
3223.487	67.86302	111.0005	228.7871	1	9.1692	0	80.0695	0
3223.612	68.29803	111.612	228.5793	1	10.176	0	78.8693	0
3223.737	68.50948	112.0317	228.4571	1	11.3854	0	77.661	0
3223.862	68.47007	112.0851	228.3755	1	12.6415	0	76.5904	0
3223.987	68.20547	111.8054	228.2951	1	13.2747	0	76.2348	0
3224.112	67.73698	111.2499	228.2109	1	13.0764	0	76.7665	0
3224.237	67.11842	110.5027	228.1282	1	12.4953	0	77.7525	0
3224.362	66.43806	109.6613	228.0605	1	11.449	0	79.2001	0
3224.487	65.8576	108.8045	228.0311	1	10.3825	0	80.5959	0
3224.612	65.42104	107.969	228.0551	1	9.1843	0	81.9816	0
3224.737	65.06956	107.1608	228.1642	1	8.0681	0	83.225	0
3224.862	64.73347	106.3896	228.3942	1	7.9099	0	83.5936	0
3224.987	64.34957	105.6769	228.7715	1	9.2984	0	82.6063	0
3225.112	63.89033	105.0843	229.3043	1	11.5789	0	80.8902	0
3225.237	63.44471	104.7089	229.878	1	13.2694	0	79.6801	0
3225.362	63.12473	104.5664	230.3278	1	13.1754	0	79.9704	0
3225.487	62.98498	104.6779	230.5678	1	11.609	0	81.436	0
3225.612	63.0512	105.0419	230.5791	1	9.617	0	83.139	0
3225.737	63.3208	105.6328	230.4183	1	8.3486	0	84.0502	0
3225.862	63.79301	106.4091	230.3036	1	8.2758	0	83.7661	0
3225.987	64.36314	107.2469	230.487	1	9.2049	0	82.5111	0
3226.112	64.96008	108.1025	230.9955	1	10.6208	0	80.8008	0
3226.237	65.55338	108.9799	231.7412	1	11.7717	0	79.3423	0
3226.362	66.13667	109.913	232.5519	1	12.3815	0	78.3728	0
3226.487	66.73319	110.9759	233.1629	1	13.1885	0	77.2157	0
3226.612	67.3572	112.212	233.2612	1	15.8095	0	74.3901	0
3226.737	67.93555	113.4468	232.9951	4	22.5183	0	68.2122	0
3226.862	68.37723	114.5316	232.5601	4	33.5736	0	59.2777	0
3226.987	68.61159	115.3597	232.1631	4	44.7192	0	54.4726	0
3227.112	68.6056	115.8949	231.9889	4	48.8574	0	51.0426	0
3227.237	68.41817	116.2963	232.1636	4	44.899	0	55.001	0
3227.362	68.29843	117.0727	232.5256	1	36.0566	0	57.8428	0
3227.487	68.38344	118.5011	232.8978	4	27.748	0	63.8058	0
3227.612	68.71957	120.6624	233.1755	4	23.5309	0	66.9959	0
3227.737	69.28328	123.47	233.2799	4	24.0791	0	66.589	0
3227.862	69.97406	126.6548	233.1549	4	28.8544	0	62.9668	0
3227.987	70.51827	129.4213	232.6671	4	37.2732	0	56.3636	0
3228.112	70.75387	131.129	231.8676	4	49.2527	0	50.0163	0
3228.237	70.64396	131.4317	230.8166	4	60.0399	0	39.8601	0
3228.362	70.20816	130.2186	229.6327	4	65.447	0	34.453	0
3228.487	69.50744	127.6073	228.4804	4	65.7929	0	34.1071	0
3228.612	68.61046	123.9279	227.6235	4	64.2502	0	35.6498	0
3228.737	67.63058	119.9512	227.2555	4	60.9256	0	38.9744	0
3228.862	66.66618	116.2283	227.283	4	51.6567	0	48.2433	0
3228.987	65.8025	113.0435	227.5616	4	37.1657	0	57.9539	0
3229.112	65.1179	110.5992	227.8942	1	23.7416	0	69.2844	0
3229.237	64.67525	109.0235	228.052	1	16.3543	0	75.9818	0
3229.362	64.49053	108.3774	227.7199	1	13.361	0	78.8072	0
3229.487	64.36885	108.0229	227.0174	1	12.5972	0	79.5743	0
3229.612	64.21931	107.5635	226.1449	1	13.0115	0	79.2493	0
3229.737	63.99505	106.7439	225.3199	1	14.1522	0	78.348	0
3229.862	63.68219	105.465	224.751	1	15.4657	0	77.4152	0
3229.987	63.29267	103.882	224.6275	1	16.3536	0	76.9601	0
3230.112	62.88445	102.4769	224.8938	1	16.7631	0	76.901	0
3230.237	62.51554	101.5172	225.2674	1	16.544	0	77.3534	0
3230.362	62.2144	101.0254	225.5817	1	15.689	0	78.321	0
3230.487	61.99003	100.9026	225.734	1	14.4527	0	79.5861	0
3230.612	61.82933	100.9517	225.7022	1	13.3082	0.1168	80.5885	0
3230.737	61.67733	100.8933	225.6104	1	12.5857	0.1745	81.2767	0
3230.862	61.47789	100.6182	225.6517	1	12.1788	0.2478	81.697	0
3230.987	61.23973	100.2326	225.8424	1	11.8265	0.3201	82.0921	0
3231.112	60.99464	99.85904	226.1186	1	11.1746	0.2759	82.8596	0
3231.237	60.78327	99.60901	226.3746	1	10.0279	0.0694	84.2076	0
3231.362	60.64728	99.54536	226.4771	1	8.8475	0.0048	85.3972	0
3231.487	60.59696	99.59524	226.4196	1	8.5644	0	85.676	0
3231.612	60.58997	99.64726	226.4139	1	9.5494	0	84.7862	0
3231.737	60.60871	99.71849	226.6133	1	11.0644	0.231	83.1807	0
3231.862	60.64981	99.86782	227.113	1	12.4441	0.6178	81.531	0
3231.987	60.72343	100.1791	227.9346	1	13.5095	0.7431	80.4191	0
3232.112	60.86303	100.7515	228.9933	1	14.3019	0.1902	80.2365	0
3232.237	61.05806	101.4135	230.0303	1	15.0095	0.013	79.6481	0
3232.362	61.27108	101.9739	230.896	1	15.6375	0	78.9369	0
3232.487	61.46702	102.3318	231.5035	1	15.886	0	78.5841	0
3232.612	61.61435	102.4479	231.8107	1	15.3014	0	79.0338	0
3232.737	61.68948	102.3532	231.8189	1	14.0746	0	80.1169	0
3232.862	61.67845	102.1938	231.6029	1	12.8793	0	81.2176	0
3232.987	61.61687	102.0931	231.3377	1	11.6971	0	82.3456	0
3233.112	61.51815	102.0679	231.0723	1	10.2599	0.0615	83.6626	0
3233.237	61.39388	102.129	230.8101	1	8.7891	0.2263	84.8966	0
3233.362	61.25423	102.291	230.5144	1	7.8788	0.3056	85.7356	0
3233.487	61.10799	102.6371	230.0924	1	7.5115	0.4045	86.0637	0
3233.612	60.93948	103.1874	229.5072	1	7.3083	0.4764	86.2527	0
3233.737	60.72302	103.7686	228.82	1	7.9069	0.1563	86.1236	0
3233.862	60.43653	104.2442	228.0955	1	10.8376	0.0123	83.7596	0
3233.987	60.073	104.5145	227.4076	1	16.4468	0.5851	78.2975	0
3234.112	59.64869	104.541	226.832	1	21.7085	1.6921	72.6947	0
3234.237	59.26713	104.2811	226.5162	1	23.8304	2.1302	70.5631	0
3234.362	59.0537	103.8687	226.4714	1	23.5535	1.9669	71.0678	0
3234.487	59.07458	103.43	226.7045	1	22.3331	1.8195	72.2308	0
3234.612	59.33956	103.147	227.1776	1	20.1187	1.6187	74.1915	0
3234.737	59.80405	103.2043	227.8095	1	16.7143	1.1947	77.4534	0
3234.862	60.34777	103.7342	228.4446	1	12.931	0.6586	81.1528	0
